0.745157,0.760997 
0.712028,0.730105 
0.707928,0.742499 
0.689531,0.700053 
0.682866,0.692357 
0.678062,0.709425 
0.678025,0.687836 
0.663075,0.69787  
0.660289,0.67492  
0.657308,0.699858 
0.656103,0.674168 
0.652078,0.684541 
0.647142,0.661085 
0.643532,0.681562 
0.641696,0.651235 
0.639918,0.658675 
0.639238,0.65352  
0.639237,0.673056 
0.63839,0.659778  
0.637202,0.66161  
0.633974,0.643637 
0.633755,0.634261 
0.63269,0.633611  
0.630223,0.677946 
0.629211,0.638809 
0.625999,0.629805 
0.625917,0.665533 
0.624611,0.639219 
0.623997,0.649441 
0.623836,0.641253 
0.622206,0.637649 
0.620558,0.646197 
0.620111,0.636609 
0.619197,0.634159 
0.617796,0.629472 
0.61755,0.645104  
0.615618,0.62302  
0.613181,0.621147 
0.61305,0.661794  
0.612257,0.613905 
0.611293,0.621435 
0.610503,0.651962 
0.610348,0.679281 
0.609417,0.628467 
0.608649,0.653214 
0.608266,0.640297 
0.608252,0.635658 
0.60744,0.671288  
0.606556,0.620069 
0.605888,0.642133 
0.60455,0.614784  
0.603868,0.674168 
0.603768,0.62646  
0.603413,0.611045 
0.601513,0.625824 
0.600879,0.603951 
0.600862,0.607523 
0.600686,0.608473 
0.599984,0.645586 
0.598781,0.634241 
0.598628,0.599386 
0.597968,0.612784 
0.597729,0.663034 
0.597528,0.609501 
0.597443,0.608096 
0.596933,0.605924 
0.596076,0.603193 
0.59597,0.603752  
0.595222,0.63278  
0.594041,0.596942 
0.593755,0.598033 
0.593045,0.599424 
0.592522,0.677286 
0.592516,0.606495 
0.591379,0.649709 
0.590163,0.616067 
0.589276,0.592879 
0.589274,0.597445 
0.588891,0.63309  
0.587769,0.649957 
0.587031,0.588119 
0.586953,0.593042 
0.586574,0.641052 
0.585955,0.639238 
0.585368,0.599104 
0.585232,0.651396 
0.585057,0.62705  
0.584727,0.604882 
0.584115,0.594187 
0.583945,0.631242 
0.583362,0.605933 
0.583158,0.587536 
0.582584,0.599712 
0.582541,0.598561 
0.582005,0.588974 
0.581971,0.600569 
0.581753,0.598443 
0.581356,0.582297 
0.579978,0.589552 
0.579725,0.586534 
0.579525,0.611374 
0.579444,0.586933 
0.578977,0.677432 
0.5779,0.592218   
0.577856,0.62887  
0.577815,0.613101 
0.577793,0.597607 
0.577364,0.609954 
0.577325,0.630726 
0.576425,0.626375 
0.576328,0.60216  
0.576304,0.586135 
0.575925,0.583435 
0.574375,0.590869 
0.574212,0.619484 
0.573826,0.581866 
0.573359,0.624626 
0.573046,0.580013 
0.572988,0.57662  
0.572788,0.641072 
0.572671,0.58604  
0.572058,0.579921 
0.571701,0.602079 
0.571536,0.631254 
0.57148,0.595413  
0.570921,0.596259 
0.570288,0.5716   
0.569717,0.640237 
0.569544,0.58793  
0.569488,0.58562  
0.56907,0.582738  
0.568599,0.592051 
0.568589,0.618734 
0.568222,0.589825 
0.568105,0.602058 
0.568038,0.633483 
0.566673,0.628202 
0.566279,0.604716 
0.566089,0.623476 
0.565972,0.587695 
0.564576,0.578523 
0.563689,0.567767 
0.563686,0.576207 
0.563302,0.58665  
0.562975,0.594986 
0.562766,0.579768 
0.562728,0.582324 
0.562679,0.578477 
0.562531,0.567924 
0.562181,0.605039 
0.561983,0.606607 
0.561794,0.577847 
0.561583,0.601439 
0.561499,0.562756 
0.561361,0.587713 
0.56134,0.561829  
0.561178,0.598331 
0.561176,0.578566 
0.561149,0.599242 
0.561103,0.569345 
0.560444,0.581489 
0.56029,0.563068  
0.560178,0.573657 
0.559521,0.626297 
0.559102,0.599703 
0.558978,0.56525  
0.558961,0.584885 
0.558919,0.588465 
0.558028,0.566799 
0.557557,0.599457 
0.556897,0.561471 
0.556846,0.56594  
0.556599,0.580419 
0.556548,0.560135 
0.556252,0.57787  
0.556117,0.587294 
0.555474,0.562495 
0.555289,0.610782 
0.555046,0.578089 
0.554906,0.561276 
0.554074,0.574276 
0.553894,0.618116 
0.553573,0.566669 
0.553571,0.620983 
0.553503,0.621076 
0.553001,0.571851 
0.552995,0.660985 
0.552971,0.566934 
0.552806,0.595705 
0.552455,0.616427 
0.552127,0.566312 
0.55127,0.632549  
0.55113,0.567771  
0.550919,0.589339 
0.550799,0.560386 
0.550767,0.588357 
0.550637,0.553574 
0.550571,0.671363 
0.550516,0.634212 
0.550237,0.610696 
0.549951,0.589909 
0.54991,0.651415  
0.549898,0.554901 
0.549521,0.591387 
0.549458,0.554369 
0.549429,0.558668 
0.54937,0.612532  
0.549334,0.56456  
0.548974,0.604056 
0.548842,0.668451 
0.548682,0.636913 
0.548589,0.58273  
0.547978,0.59501  
0.547616,0.58604  
0.547152,0.558213 
0.547136,0.569515 
0.546985,0.547357 
0.546673,0.590969 
0.546653,0.571122 
0.546647,0.556803 
0.546618,0.606313 
0.546606,0.583952 
0.546529,0.594474 
0.546469,0.550199 
0.546326,0.556346 
0.545935,0.583593 
0.545917,0.566367 
0.545896,0.554169 
0.545772,0.54704  
0.54567,0.605747  
0.545268,0.565205 
0.545134,0.562496 
0.545071,0.547517 
0.544599,0.627739 
0.544555,0.583637 
0.544532,0.588157 
0.544483,0.556187 
0.544423,0.596471 
0.544418,0.555793 
0.544416,0.566463 
0.544163,0.544888 
0.544116,0.545396 
0.543812,0.64412  
0.543405,0.572844 
0.543251,0.584932 
0.542984,0.579569 
0.54283,0.582265  
0.542807,0.564457 
0.542609,0.59718  
0.54224,0.562596  
0.542043,0.543069 
0.541893,0.548131 
0.541828,0.620298 
0.541435,0.554561 
0.541319,0.558673 
0.541117,0.564277 
0.54111,0.579999  
0.540872,0.629329 
0.540739,0.549804 
0.540582,0.56339  
0.540529,0.569156 
0.540398,0.560458 
0.540209,0.570433 
0.539667,0.56834  
0.53946,0.562779  
0.539449,0.558542 
0.539408,0.546905 
0.539238,0.552837 
0.53914,0.541118  
0.538873,0.544125 
0.538816,0.567787 
0.538497,0.573797 
0.538451,0.552935 
0.538398,0.597618 
0.538367,0.583031 
0.538345,0.605833 
0.537928,0.554682 
0.537823,0.550466 
0.537747,0.606063 
0.537566,0.567184 
0.537475,0.543144 
0.537442,0.604588 
0.537419,0.549417 
0.537137,0.565872 
0.537019,0.551634 
0.536773,0.579269 
0.536644,0.543476 
0.536604,0.596511 
0.536595,0.562861 
0.536529,0.561807 
0.536436,0.559263 
0.536223,0.542189 
0.53621,0.544169  
0.536209,0.547871 
0.536154,0.537526 
0.53549,0.540821  
0.535464,0.579349 
0.535244,0.551788 
0.535059,0.535719 
0.53476,0.57298   
0.534709,0.546913 
0.534547,0.61748  
0.533797,0.559576 
0.53379,0.556179  
0.533715,0.546126 
0.533255,0.546548 
0.533138,0.534636 
0.533106,0.552742 
0.533012,0.691646 
0.532793,0.597535 
0.53256,0.571465  
0.53252,0.576782  
0.532413,0.550985 
0.532097,0.544089 
0.531842,0.561404 
0.531734,0.602633 
0.531723,0.532565 
0.531646,0.567653 
0.531541,0.600565 
0.531349,0.566719 
0.531298,0.595689 
0.531201,0.540744 
0.531054,0.531845 
0.530927,0.543438 
0.530202,0.552463 
0.530167,0.530705 
0.530134,0.534276 
0.53006,0.618163  
0.529995,0.558813 
0.529944,0.563696 
0.529795,0.559862 
0.529709,0.559344 
0.529546,0.573582 
0.52947,0.677085  
0.529463,0.595921 
0.529321,0.580919 
0.52927,0.623951  
0.529267,0.603327 
0.529242,0.580962 
0.529213,0.539773 
0.529049,0.579838 
0.528838,0.532917 
0.528635,0.542576 
0.528472,0.53605  
0.528288,0.655529 
0.528162,0.530884 
0.528138,0.592644 
0.528094,0.533002 
0.527952,0.555678 
0.527891,0.582776 
0.52785,0.574018  
0.52781,0.6094    
0.527716,0.535111 
0.527592,0.532234 
0.52746,0.541191  
0.527441,0.578156 
0.527385,0.529743 
0.52719,0.670662  
0.527177,0.610314 
0.527032,0.567079 
0.52644,0.571137  
0.526404,0.620353 
0.526295,0.535069 
0.526246,0.60771  
0.526044,0.566149 
0.525989,0.59385  
0.525522,0.530663 
0.525445,0.578202 
0.525358,0.533614 
0.525267,0.540479 
0.525162,0.534772 
0.524961,0.621151 
0.524468,0.547906 
0.524058,0.538933 
0.523836,0.590817 
0.523807,0.564093 
0.523282,0.569722 
0.523179,0.55434  
0.523028,0.535249 
0.523003,0.554184 
0.522845,0.572178 
0.522749,0.58891  
0.522719,0.604514 
0.52235,0.554204  
0.522341,0.540382 
0.522327,0.533006 
0.522,0.536868    
0.521994,0.537433 
0.521953,0.59269  
0.521899,0.529259 
0.521868,0.640142 
0.521686,0.538542 
0.521668,0.594745 
0.52124,0.554077  
0.521217,0.57104  
0.521113,0.521408 
0.520794,0.540968 
0.520618,0.638998 
0.520313,0.581025 
0.520184,0.528959 
0.519835,0.57265  
0.519834,0.548045 
0.519772,0.597902 
0.519598,0.557094 
0.519542,0.545423 
0.51949,0.582245  
0.519365,0.564453 
0.519327,0.573761 
0.519213,0.542455 
0.51916,0.536462  
0.519106,0.641653 
0.519071,0.529721 
0.519055,0.522527 
0.518788,0.541332 
0.518699,0.549766 
0.518424,0.52759  
0.518306,0.583259 
0.517677,0.536745 
0.517644,0.597405 
0.517631,0.575599 
0.517521,0.551734 
0.517518,0.546026 
0.517382,0.607755 
0.517236,0.526918 
0.517044,0.541053 
0.517026,0.569571 
0.516819,0.644701 
0.516763,0.516823 
0.516589,0.645871 
0.51658,0.56864   
0.516461,0.608945 
0.516361,0.571548 
0.516212,0.628586 
0.516173,0.538694 
0.516111,0.516243 
0.515889,0.580235 
0.515853,0.542154 
0.515509,0.537838 
0.515406,0.519289 
0.515309,0.547438 
0.515087,0.54774  
0.514942,0.585132 
0.5148,0.548134   
0.514435,0.575728 
0.514288,0.563694 
0.514232,0.541667 
0.514151,0.557113 
0.514111,0.540578 
0.513996,0.590604 
0.513938,0.537338 
0.513817,0.518797 
0.51378,0.527149  
0.513679,0.526624 
0.513654,0.523359 
0.513518,0.539257 
0.513291,0.587485 
0.513078,0.515281 
0.512961,0.538035 
0.512777,0.519208 
0.51246,0.548835  
0.512452,0.513394 
0.512329,0.565903 
0.512312,0.585749 
0.51219,0.593921  
0.512132,0.545522 
0.512084,0.564104 
0.511956,0.559575 
0.511956,0.547787 
0.511953,0.522199 
0.511767,0.627664 
0.511718,0.515865 
0.511624,0.523525 
0.511616,0.611471 
0.511508,0.575491 
0.511491,0.528956 
0.511436,0.562931 
0.511223,0.586805 
0.511215,0.528828 
0.511196,0.635424 
0.511163,0.520813 
0.511091,0.54743  
0.51089,0.523365  
0.510862,0.558335 
0.510841,0.52786  
0.51058,0.568557  
0.510474,0.539274 
0.510275,0.529861 
0.510252,0.561784 
0.510126,0.542514 
0.510072,0.518045 
0.51007,0.573776  
0.50995,0.577143  
0.509939,0.539807 
0.509887,0.555675 
0.509871,0.557748 
0.5098,0.541149   
0.509723,0.518031 
0.50967,0.556088  
0.509494,0.601055 
0.509367,0.519246 
0.509359,0.57977  
0.509352,0.525218 
0.509335,0.514137 
0.509257,0.555871 
0.509015,0.535127 
0.509002,0.511117 
0.508753,0.586265 
0.508668,0.54842  
0.508574,0.54335  
0.508527,0.520657 
0.508452,0.509498 
0.508328,0.557559 
0.508241,0.520075 
0.508229,0.649276 
0.507993,0.516297 
0.507982,0.519199 
0.507784,0.530227 
0.507743,0.562519 
0.50769,0.524918  
0.507561,0.536463 
0.507372,0.510736 
0.507232,0.511147 
0.507218,0.59588  
0.507206,0.512139 
0.507149,0.545711 
0.507142,0.558022 
0.506738,0.510956 
0.506694,0.534242 
0.50651,0.514323  
0.50648,0.509356  
0.506371,0.613447 
0.506358,0.558499 
0.506302,0.517599 
0.506216,0.559621 
0.50611,0.517841  
0.506098,0.529798 
0.506065,0.543113 
0.506033,0.513129 
0.505982,0.615512 
0.505766,0.506493 
0.505629,0.554016 
0.50559,0.682915  
0.505525,0.54566  
0.505508,0.565903 
0.505405,0.5132   
0.505204,0.520586 
0.505181,0.547661 
0.505175,0.522386 
0.505046,0.512774 
0.505006,0.53494  
0.505005,0.512768 
0.504985,0.575478 
0.504974,0.510222 
0.50487,0.505865  
0.504739,0.512694 
0.504739,0.595746 
0.504637,0.513695 
0.504324,0.519781 
0.504321,0.60506  
0.504101,0.534015 
0.504074,0.521162 
0.504018,0.506116 
0.504,0.567555    
0.503995,0.548087 
0.503899,0.595653 
0.503816,0.508667 
0.503665,0.531342 
0.503504,0.527018 
0.503448,0.505563 
0.503361,0.507796 
0.503352,0.588991 
0.50335,0.514684  
0.503296,0.566142 
0.503262,0.637385 
0.503216,0.53877  
0.503117,0.585823 
0.503063,0.605431 
0.503048,0.521342 
0.50302,0.662139  
0.502915,0.532773 
0.50291,0.526954  
0.502892,0.50838  
0.502858,0.584324 
0.502771,0.558914 
0.50264,0.536275  
0.502592,0.537187 
0.502531,0.59746  
0.502389,0.51435  
0.502376,0.596128 
0.502327,0.532985 
0.502317,0.51485  
0.502205,0.521532 
0.502104,0.521861 
0.502042,0.596006 
0.501982,0.505148 
0.501812,0.532689 
0.501796,0.502387 
0.501736,0.543108 
0.50172,0.527583  
0.501324,0.557456 
0.501245,0.632795 
0.501158,0.524656 
0.501133,0.50924  
0.501077,0.514102 
0.500926,0.608695 
0.500859,0.533037 
0.500839,0.518617 
0.500758,0.567406 
0.500698,0.538577 
0.500391,0.531437 
0.500351,0.505921 
0.500168,0.587347 
0.499978,0.553504 
0.499925,0.537699 
0.499782,0.531717 
0.499751,0.560496 
0.499544,0.612989 
0.499537,0.508916 
0.499294,0.541563 
0.49908,0.505124  
0.498872,0.513058 
0.498849,0.533497 
0.498818,0.544561 
0.498738,0.575186 
0.498711,0.531617 
0.498661,0.523198 
0.498642,0.625211 
0.498588,0.542312 
0.498562,0.53857  
0.49854,0.553905  
0.498499,0.52001  
0.498479,0.501514 
0.498294,0.536875 
0.498284,0.544657 
0.498233,0.523869 
0.49819,0.558013  
0.498105,0.537578 
0.497882,0.510515 
0.497836,0.514306 
0.497817,0.511686 
0.497813,0.511499 
0.497812,0.499236 
0.49778,0.528029  
0.497774,0.591006 
0.497728,0.571447 
0.497675,0.499765 
0.497488,0.550093 
0.497418,0.612287 
0.497354,0.534454 
0.497276,0.513447 
0.497102,0.511601 
0.497055,0.509149 
0.497025,0.589416 
0.497019,0.520952 
0.496989,0.512045 
0.49695,0.519854  
0.496857,0.561898 
0.496584,0.543152 
0.496578,0.509764 
0.496563,0.550776 
0.496531,0.604549 
0.496464,0.541283 
0.496323,0.519854 
0.496276,0.500698 
0.496246,0.563271 
0.496154,0.503716 
0.496024,0.521646 
0.495943,0.52492  
0.495761,0.525733 
0.495681,0.523176 
0.495675,0.495987 
0.495562,0.50063  
0.495523,0.539523 
0.495509,0.49975  
0.495432,0.508287 
0.495255,0.511517 
0.495068,0.568057 
0.49497,0.515031  
0.494903,0.56388  
0.494818,0.512477 
0.494785,0.519432 
0.494707,0.612646 
0.494602,0.515719 
0.49454,0.510632  
0.494525,0.547064 
0.494515,0.580543 
0.494374,0.502132 
0.494368,0.504683 
0.494287,0.529481 
0.494191,0.536597 
0.494172,0.519333 
0.49398,0.503489  
0.4938,0.506365   
0.493584,0.559249 
0.493584,0.543359 
0.493529,0.512199 
0.493465,0.519869 
0.493345,0.587963 
0.493297,0.505614 
0.493245,0.547458 
0.493144,0.544663 
0.493073,0.500712 
0.492795,0.612035 
0.492732,0.605261 
0.492604,0.494277 
0.492569,0.502586 
0.49253,0.588226  
0.492243,0.514698 
0.49189,0.544408  
0.491889,0.51091  
0.491812,0.508883 
0.491486,0.501472 
0.491477,0.505607 
0.491467,0.546318 
0.491204,0.540081 
0.491007,0.4994   
0.491002,0.493206 
0.490991,0.493783 
0.490933,0.49337  
0.490926,0.569032 
0.490852,0.506548 
0.490785,0.516909 
0.490726,0.622452 
0.490692,0.521047 
0.490633,0.582212 
0.490573,0.538177 
0.490458,0.551634 
0.490413,0.616535 
0.490351,0.598793 
0.49034,0.599607  
0.490315,0.506299 
0.49029,0.572826  
0.490289,0.535588 
0.490253,0.50493  
0.490204,0.528473 
0.490129,0.561907 
0.489993,0.554467 
0.489735,0.52197  
0.489733,0.528628 
0.489638,0.507723 
0.489622,0.519498 
0.489609,0.510059 
0.489563,0.597333 
0.489553,0.514148 
0.489534,0.558449 
0.489441,0.541701 
0.489424,0.536623 
0.489417,0.494566 
0.489351,0.535249 
0.489251,0.523525 
0.489197,0.596101 
0.489129,0.598881 
0.489106,0.490466 
0.489067,0.490837 
0.489053,0.506773 
0.489049,0.499371 
0.489037,0.509553 
0.489022,0.586508 
0.489007,0.564918 
0.488932,0.50849  
0.488871,0.646583 
0.488866,0.50754  
0.488821,0.544668 
0.488783,0.533191 
0.488766,0.496762 
0.48875,0.51485   
0.48874,0.560576  
0.488587,0.547619 
0.488564,0.488892 
0.488549,0.539238 
0.488521,0.490346 
0.488503,0.49262  
0.488374,0.497306 
0.488358,0.563203 
0.488346,0.491948 
0.48833,0.531234  
0.488256,0.52     
0.488127,0.592175 
0.488095,0.50979  
0.487887,0.535645 
0.487854,0.499009 
0.487763,0.570128 
0.487743,0.504288 
0.487742,0.515875 
0.487645,0.499393 
0.487616,0.4965   
0.487605,0.500629 
0.487504,0.642025 
0.487468,0.509864 
0.487414,0.543708 
0.487304,0.494945 
0.48727,0.600263  
0.487242,0.560297 
0.487084,0.506509 
0.487028,0.507056 
0.486984,0.509986 
0.486951,0.50166  
0.486921,0.560738 
0.486729,0.525082 
0.486594,0.500362 
0.486583,0.587555 
0.486572,0.53774  
0.486525,0.496984 
0.486472,0.508767 
0.486452,0.508008 
0.486444,0.5543   
0.486425,0.556759 
0.486405,0.544408 
0.486385,0.582144 
0.486376,0.506801 
0.486213,0.549908 
0.486178,0.552697 
0.485919,0.535944 
0.485824,0.508835 
0.485806,0.492575 
0.485774,0.486039 
0.485687,0.515625 
0.485588,0.607069 
0.485566,0.582914 
0.485472,0.621425 
0.485241,0.524326 
0.48517,0.58716   
0.485103,0.49552  
0.485079,0.501095 
0.485039,0.499262 
0.484966,0.619796 
0.484896,0.552744 
0.484834,0.490878 
0.484834,0.491654 
0.484824,0.556463 
0.484698,0.622795 
0.484559,0.565045 
0.484542,0.487109 
0.484492,0.51439  
0.484445,0.493417 
0.484297,0.529026 
0.484248,0.578201 
0.484228,0.549262 
0.484049,0.549243 
0.483843,0.505064 
0.483803,0.555233 
0.48365,0.511051  
0.483583,0.492924 
0.483552,0.507528 
0.483546,0.490656 
0.483543,0.546828 
0.483526,0.562739 
0.483073,0.504906 
0.48306,0.545512  
0.483025,0.48947  
0.482743,0.556796 
0.482737,0.50713  
0.482661,0.54026  
0.482622,0.492718 
0.482443,0.517807 
0.482398,0.524607 
0.482378,0.513486 
0.482317,0.492946 
0.482309,0.503495 
0.48229,0.498759  
0.482278,0.540575 
0.482248,0.552601 
0.482192,0.48394  
0.482111,0.488929 
0.482105,0.526618 
0.482077,0.506608 
0.482035,0.552438 
0.481948,0.486606 
0.48193,0.634362  
0.481925,0.499016 
0.481897,0.500783 
0.481878,0.517795 
0.481869,0.560496 
0.481816,0.508944 
0.481686,0.578711 
0.481617,0.484946 
0.48152,0.557468  
0.481495,0.536865 
0.481385,0.617835 
0.481277,0.557783 
0.481262,0.519976 
0.481213,0.485194 
0.481186,0.551487 
0.48108,0.502678  
0.48106,0.499147  
0.481029,0.515858 
0.481016,0.563792 
0.481003,0.484815 
0.480887,0.486741 
0.480873,0.557028 
0.480805,0.494508 
0.480791,0.617644 
0.480778,0.521541 
0.480714,0.501098 
0.480708,0.483667 
0.480605,0.482616 
0.480576,0.543606 
0.480406,0.541565 
0.480361,0.539183 
0.480283,0.495155 
0.480223,0.494722 
0.480185,0.538253 
0.480156,0.563679 
0.480145,0.656233 
0.480143,0.48872  
0.480076,0.509238 
0.480075,0.516571 
0.479972,0.489408 
0.479646,0.545611 
0.479632,0.517453 
0.479612,0.577288 
0.479513,0.506119 
0.479428,0.4808   
0.47937,0.59504   
0.479335,0.498756 
0.479247,0.551343 
0.479087,0.529401 
0.478946,0.479256 
0.478917,0.525784 
0.478898,0.484598 
0.478864,0.554615 
0.478828,0.479219 
0.478739,0.581277 
0.478686,0.596184 
0.478609,0.484088 
0.478594,0.530021 
0.478517,0.623265 
0.478484,0.567947 
0.478341,0.507851 
0.478333,0.646814 
0.478264,0.48588  
0.478179,0.501669 
0.478162,0.568093 
0.478022,0.507175 
0.477968,0.525395 
0.477806,0.510684 
0.47774,0.53221   
0.47767,0.494744  
0.477626,0.545512 
0.477567,0.555411 
0.477421,0.496376 
0.477396,0.549407 
0.477389,0.497974 
0.477191,0.53361  
0.477163,0.527278 
0.47714,0.477369  
0.477112,0.515851 
0.477054,0.490714 
0.477043,0.50801  
0.477018,0.597254 
0.476925,0.539839 
0.476827,0.559636 
0.476657,0.579009 
0.476507,0.487406 
0.476476,0.530277 
0.476457,0.581479 
0.476355,0.527844 
0.476266,0.506172 
0.476265,0.505958 
0.476255,0.609344 
0.476237,0.591575 
0.476224,0.593697 
0.4762,0.567404   
0.476184,0.505286 
0.476033,0.480234 
0.475988,0.525419 
0.475922,0.490028 
0.475764,0.480412 
0.475514,0.483068 
0.475498,0.512353 
0.475457,0.541342 
0.47542,0.675122  
0.4753,0.552314   
0.475256,0.528266 
0.475142,0.526688 
0.475063,0.481926 
0.474976,0.478168 
0.474895,0.590103 
0.474735,0.508442 
0.474662,0.547049 
0.474592,0.495529 
0.474491,0.506561 
0.474457,0.547064 
0.474453,0.501314 
0.474439,0.519701 
0.474427,0.512717 
0.474378,0.512808 
0.474366,0.546064 
0.474342,0.484644 
0.474224,0.516156 
0.474201,0.51143  
0.474173,0.513483 
0.474084,0.662384 
0.473974,0.54865  
0.473678,0.608209 
0.473666,0.475419 
0.47364,0.505961  
0.473537,0.479286 
0.473435,0.495063 
0.473392,0.48556  
0.473357,0.522402 
0.473287,0.493568 
0.473121,0.545894 
0.473058,0.504829 
0.473013,0.497121 
0.473005,0.529451 
0.472992,0.496246 
0.472982,0.546548 
0.472962,0.477338 
0.472958,0.627239 
0.472927,0.548065 
0.472863,0.535153 
0.472827,0.485053 
0.472805,0.528691 
0.472735,0.534851 
0.472712,0.483363 
0.472677,0.53565  
0.472616,0.498561 
0.472358,0.493831 
0.472343,0.577698 
0.472139,0.626653 
0.472128,0.524973 
0.472084,0.486976 
0.472021,0.563112 
0.471873,0.5049   
0.471864,0.487217 
0.471846,0.546448 
0.471834,0.551451 
0.47183,0.525339  
0.471761,0.480914 
0.471756,0.62569  
0.471741,0.567807 
0.47167,0.495185  
0.471603,0.529583 
0.471448,0.550439 
0.471437,0.599866 
0.471293,0.566301 
0.471263,0.492075 
0.471249,0.473244 
0.471248,0.475371 
0.471113,0.589936 
0.471104,0.55906  
0.471098,0.515356 
0.471078,0.516088 
0.471068,0.508568 
0.471053,0.47858  
0.471048,0.554883 
0.47098,0.544098  
0.47091,0.562596  
0.470868,0.572448 
0.47082,0.56789   
0.470681,0.48536  
0.470633,0.507377 
0.47054,0.577008  
0.470533,0.478019 
0.470514,0.646641 
0.470508,0.497599 
0.470431,0.608207 
0.470426,0.481439 
0.470422,0.486101 
0.470382,0.537133 
0.470368,0.56634  
0.470348,0.524252 
0.470336,0.552503 
0.470333,0.505331 
0.470296,0.544369 
0.47028,0.548523  
0.470256,0.524    
0.47025,0.53217   
0.470248,0.485902 
0.470231,0.500988 
0.470134,0.518942 
0.470131,0.498446 
0.469988,0.482214 
0.469858,0.513315 
0.469764,0.479647 
0.469666,0.581962 
0.469583,0.476297 
0.469582,0.472739 
0.469554,0.583376 
0.46951,0.568357  
0.469459,0.497459 
0.469427,0.470083 
0.469421,0.510548 
0.469319,0.603915 
0.469314,0.590482 
0.469299,0.573061 
0.469165,0.470711 
0.469088,0.518126 
0.469086,0.510742 
0.468941,0.525459 
0.468879,0.472871 
0.468767,0.486306 
0.468617,0.50559  
0.468617,0.663265 
0.468584,0.474945 
0.468559,0.483363 
0.468494,0.518129 
0.468486,0.528412 
0.468394,0.57574  
0.468354,0.469824 
0.468223,0.566996 
0.468126,0.569876 
0.467905,0.504583 
0.46761,0.596475  
0.46752,0.471754  
0.467401,0.484773 
0.467349,0.472252 
0.467347,0.508232 
0.467343,0.597346 
0.467316,0.481747 
0.467303,0.474783 
0.467089,0.536494 
0.466987,0.574185 
0.466978,0.475335 
0.466933,0.547894 
0.466762,0.496531 
0.466722,0.493357 
0.466679,0.495099 
0.466665,0.542277 
0.46658,0.488355  
0.466489,0.472604 
0.46647,0.575303  
0.466464,0.495424 
0.466451,0.619105 
0.466429,0.499297 
0.466394,0.475007 
0.466329,0.572447 
0.466323,0.534851 
0.466323,0.476106 
0.4663,0.477525   
0.466246,0.481981 
0.466175,0.505777 
0.466101,0.490699 
0.466048,0.519299 
0.466021,0.55965  
0.465945,0.467596 
0.465944,0.539317 
0.465892,0.569565 
0.465692,0.501112 
0.465498,0.513061 
0.465379,0.471762 
0.465281,0.506733 
0.465262,0.499252 
0.465124,0.543675 
0.46505,0.478313  
0.464985,0.567947 
0.464985,0.553871 
0.464966,0.470043 
0.464951,0.611766 
0.464883,0.551305 
0.464871,0.479495 
0.464869,0.508994 
0.464853,0.580043 
0.464807,0.470577 
0.464781,0.620229 
0.464667,0.498268 
0.464662,0.554405 
0.464662,0.489337 
0.464585,0.468108 
0.464557,0.573425 
0.464503,0.54056  
0.464352,0.604009 
0.464314,0.485052 
0.464314,0.471632 
0.46426,0.522448  
0.464242,0.511177 
0.464151,0.479052 
0.464126,0.516217 
0.464065,0.503675 
0.464039,0.554644 
0.463956,0.472273 
0.463852,0.491986 
0.463841,0.517276 
0.463755,0.545155 
0.463689,0.599481 
0.463676,0.532327 
0.463662,0.614506 
0.463646,0.534113 
0.463527,0.506021 
0.463406,0.476064 
0.463167,0.523302 
0.463096,0.48947  
0.463095,0.476331 
0.463013,0.481358 
0.463004,0.482507 
0.462998,0.484901 
0.462916,0.472656 
0.462818,0.466965 
0.462753,0.494197 
0.462725,0.541147 
0.462654,0.462889 
0.462597,0.491141 
0.462422,0.52261  
0.46233,0.547168  
0.462315,0.506808 
0.462305,0.473256 
0.462247,0.521029 
0.462208,0.505046 
0.462013,0.6322   
0.461997,0.462831 
0.461992,0.637405 
0.461984,0.485723 
0.461963,0.491537 
0.461896,0.498992 
0.461888,0.55074  
0.461855,0.487774 
0.461792,0.468723 
0.461774,0.521282 
0.461768,0.539446 
0.461606,0.469914 
0.461561,0.486573 
0.461446,0.558853 
0.46141,0.536419  
0.461385,0.567629 
0.461339,0.464761 
0.461322,0.522622 
0.461316,0.542302 
0.461301,0.464151 
0.461291,0.642603 
0.461279,0.49789  
0.461188,0.464267 
0.461094,0.539601 
0.461083,0.522155 
0.46104,0.545742  
0.460883,0.572664 
0.460876,0.668739 
0.460865,0.4685   
0.460838,0.49978  
0.460832,0.623692 
0.460831,0.479323 
0.460827,0.570337 
0.460784,0.482916 
0.460681,0.548867 
0.460362,0.530537 
0.460262,0.534845 
0.460182,0.472604 
0.460072,0.495578 
0.459993,0.563292 
0.459922,0.557977 
0.459905,0.538936 
0.45987,0.509546  
0.459697,0.465957 
0.459673,0.464954 
0.459592,0.466859 
0.45945,0.487674  
0.459386,0.485688 
0.459351,0.537364 
0.459189,0.511594 
0.459085,0.531724 
0.459026,0.481358 
0.459005,0.483155 
0.458949,0.505495 
0.45885,0.462373  
0.458781,0.548373 
0.458711,0.517762 
0.458632,0.574808 
0.458631,0.512434 
0.458495,0.475598 
0.45841,0.467306  
0.458396,0.583339 
0.458356,0.479098 
0.458184,0.479897 
0.458079,0.474982 
0.45804,0.490933  
0.458021,0.461672 
0.457972,0.516614 
0.457971,0.462625 
0.457922,0.519243 
0.457821,0.484975 
0.45782,0.495347  
0.457759,0.522498 
0.457702,0.502706 
0.457694,0.530987 
0.457679,0.552414 
0.457568,0.50907  
0.457559,0.511193 
0.457546,0.47175  
0.457523,0.496093 
0.457495,0.503941 
0.457469,0.49105  
0.457445,0.464537 
0.457401,0.515818 
0.45729,0.484634  
0.457227,0.516421 
0.457213,0.52024  
0.457196,0.589622 
0.457196,0.471551 
0.45713,0.467074  
0.457048,0.51134  
0.457001,0.560653 
0.457,0.572065    
0.456943,0.640842 
0.456925,0.531207 
0.456915,0.532713 
0.456899,0.462438 
0.45673,0.573677  
0.456713,0.51239  
0.45668,0.51587   
0.456624,0.58293  
0.456594,0.559839 
0.456548,0.496373 
0.456517,0.500359 
0.45649,0.517009  
0.456279,0.483974 
0.456216,0.568935 
0.456207,0.509449 
0.45615,0.464656  
0.456142,0.46223  
0.456135,0.557995 
0.456065,0.462929 
0.456049,0.590886 
0.456035,0.628304 
0.456,0.491891    
0.455959,0.461226 
0.455888,0.480536 
0.455831,0.552859 
0.455684,0.505232 
0.455643,0.523012 
0.455511,0.601085 
0.455481,0.466958 
0.455421,0.605191 
0.455403,0.457688 
0.455307,0.549388 
0.455307,0.47302  
0.455296,0.463565 
0.455292,0.487922 
0.45528,0.593275  
0.455277,0.455969 
0.455172,0.466077 
0.455142,0.468463 
0.455114,0.524631 
0.455055,0.472133 
0.454987,0.545189 
0.454915,0.495958 
0.454897,0.462031 
0.454889,0.555813 
0.454875,0.523741 
0.454833,0.470138 
0.454734,0.488541 
0.454608,0.459837 
0.454591,0.536674 
0.454587,0.525295 
0.45458,0.472156  
0.454507,0.552722 
0.4545,0.548019   
0.454475,0.462732 
0.454398,0.455227 
0.454347,0.489803 
0.45434,0.564233  
0.454307,0.479964 
0.454293,0.506978 
0.454186,0.489446 
0.45415,0.469436  
0.45411,0.456484  
0.454054,0.495877 
0.453979,0.497085 
0.453968,0.520639 
0.453941,0.479566 
0.453938,0.471755 
0.453908,0.515529 
0.453705,0.457792 
0.45364,0.592586  
0.453627,0.485057 
0.453609,0.481035 
0.453608,0.564593 
0.453588,0.536995 
0.453539,0.51073  
0.453518,0.583062 
0.4535,0.494215   
0.453467,0.535726 
0.453463,0.500241 
0.45344,0.526825  
0.453379,0.494811 
0.453378,0.499755 
0.453339,0.494098 
0.453328,0.56764  
0.453242,0.568058 
0.45321,0.523949  
0.45317,0.51236   
0.453165,0.515116 
0.453149,0.470844 
0.45314,0.491153  
0.453113,0.489738 
0.453055,0.509118 
0.452975,0.497898 
0.452932,0.473069 
0.45292,0.46126   
0.45291,0.605505  
0.452887,0.469125 
0.452887,0.541058 
0.452845,0.497723 
0.452541,0.479697 
0.452521,0.504323 
0.452484,0.455146 
0.45243,0.460003  
0.452391,0.456455 
0.452347,0.463873 
0.45222,0.456587  
0.452182,0.491828 
0.452163,0.479325 
0.45207,0.50587   
0.451935,0.461102 
0.451923,0.476767 
0.451914,0.565391 
0.451913,0.513161 
0.451876,0.536939 
0.451828,0.482122 
0.451817,0.497057 
0.451805,0.604665 
0.451768,0.560621 
0.451675,0.510018 
0.451641,0.472269 
0.451597,0.553109 
0.451577,0.52246  
0.451566,0.458245 
0.451434,0.556032 
0.451417,0.50338  
0.451362,0.476342 
0.451306,0.46557  
0.451283,0.480862 
0.45128,0.460621  
0.451222,0.526113 
0.451056,0.553109 
0.451022,0.496    
0.450897,0.594953 
0.450886,0.482089 
0.450845,0.638854 
0.450806,0.524048 
0.450747,0.468085 
0.450723,0.526307 
0.450705,0.529107 
0.450681,0.465774 
0.450606,0.481465 
0.450564,0.51141  
0.450563,0.459198 
0.45056,0.619449  
0.450461,0.608395 
0.450375,0.477167 
0.450271,0.497121 
0.450236,0.573282 
0.450168,0.45092  
0.450163,0.452422 
0.450158,0.54199  
0.450131,0.48543  
0.45004,0.459301  
0.44997,0.460076  
0.44992,0.456674  
0.449852,0.585506 
0.449824,0.457179 
0.449753,0.464368 
0.449725,0.45581  
0.449725,0.502671 
0.449709,0.466873 
0.44953,0.490172  
0.449477,0.459973 
0.449461,0.460727 
0.449413,0.452731 
0.449408,0.549755 
0.449383,0.460975 
0.44937,0.550683  
0.44931,0.593752  
0.449308,0.55201  
0.4493,0.503589   
0.449295,0.637588 
0.449249,0.596448 
0.449137,0.529317 
0.449059,0.539554 
0.449055,0.507032 
0.449021,0.527022 
0.449016,0.466957 
0.448937,0.568666 
0.448916,0.453489 
0.448888,0.493195 
0.448866,0.488463 
0.448855,0.46728  
0.448804,0.49251  
0.448777,0.460575 
0.448718,0.624183 
0.448712,0.484598 
0.448696,0.463629 
0.448683,0.498725 
0.448634,0.62376  
0.448625,0.460954 
0.448582,0.469353 
0.448544,0.541265 
0.448489,0.453065 
0.448421,0.527658 
0.448373,0.481954 
0.448319,0.45939  
0.448281,0.526205 
0.448261,0.515002 
0.448231,0.512887 
0.448218,0.539179 
0.448138,0.477341 
0.448114,0.450549 
0.448044,0.456226 
0.447947,0.656998 
0.447909,0.571984 
0.447871,0.50308  
0.447861,0.498847 
0.447829,0.458604 
0.44772,0.475534  
0.447717,0.590981 
0.447619,0.561266 
0.447609,0.483793 
0.447568,0.529183 
0.447561,0.514764 
0.447527,0.574089 
0.447435,0.454366 
0.447322,0.526476 
0.447319,0.463259 
0.447223,0.593556 
0.447219,0.484412 
0.44721,0.519402  
0.447172,0.528847 
0.447085,0.463767 
0.446992,0.537985 
0.446977,0.455912 
0.446919,0.466419 
0.446701,0.589647 
0.446538,0.480853 
0.446514,0.615337 
0.446498,0.483262 
0.446466,0.510994 
0.446359,0.505802 
0.446337,0.528156 
0.446334,0.619704 
0.446252,0.447479 
0.446241,0.553905 
0.446209,0.581272 
0.446193,0.470787 
0.44616,0.504557  
0.446121,0.465363 
0.446097,0.45801  
0.446078,0.553163 
0.446,0.481826    
0.445996,0.483818 
0.445916,0.465187 
0.445914,0.568935 
0.445888,0.578595 
0.445722,0.626604 
0.445707,0.449603 
0.445591,0.47539  
0.445534,0.496653 
0.445479,0.474359 
0.445476,0.466397 
0.445402,0.521804 
0.445369,0.474351 
0.445362,0.4805   
0.445343,0.487237 
0.445265,0.618178 
0.445177,0.467824 
0.445101,0.585466 
0.445067,0.475307 
0.44495,0.504017  
0.444946,0.467567 
0.444927,0.535562 
0.444889,0.459696 
0.444829,0.539193 
0.444775,0.56219  
0.444757,0.506493 
0.444738,0.447667 
0.4447,0.482733   
0.444686,0.469064 
0.444661,0.545892 
0.444655,0.555925 
0.44465,0.547619  
0.444526,0.4478   
0.444508,0.558944 
0.444479,0.450133 
0.444385,0.480816 
0.444379,0.513065 
0.444359,0.490768 
0.444303,0.499462 
0.444299,0.522725 
0.444254,0.63392  
0.444133,0.48314  
0.444047,0.598974 
0.444032,0.446849 
0.444001,0.445663 
0.443979,0.489871 
0.44393,0.504534  
0.443829,0.535163 
0.443744,0.514616 
0.443716,0.455065 
0.443679,0.489648 
0.443669,0.483177 
0.443651,0.499354 
0.443634,0.524092 
0.443599,0.447659 
0.44359,0.489639  
0.443404,0.721487 
0.443399,0.599802 
0.443381,0.480923 
0.443255,0.477523 
0.443208,0.486483 
0.443125,0.455627 
0.443119,0.498459 
0.44306,0.536519  
0.443038,0.471802 
0.442998,0.507567 
0.442989,0.447968 
0.44296,0.510343  
0.442859,0.563149 
0.442743,0.535485 
0.442516,0.512767 
0.442396,0.519284 
0.442362,0.449702 
0.442353,0.45871  
0.442257,0.588004 
0.442232,0.551436 
0.44221,0.453852  
0.442163,0.470925 
0.442156,0.481019 
0.442095,0.471846 
0.441973,0.549374 
0.441905,0.483761 
0.441895,0.474121 
0.441852,0.462923 
0.441811,0.455674 
0.441799,0.566411 
0.441795,0.473503 
0.441708,0.531853 
0.441698,0.506853 
0.441664,0.552668 
0.44164,0.44504   
0.441638,0.580785 
0.441473,0.561031 
0.441413,0.571313 
0.441387,0.668071 
0.441377,0.445257 
0.441356,0.577125 
0.441291,0.445228 
0.441267,0.538855 
0.441237,0.48604  
0.441194,0.494642 
0.441092,0.554983 
0.44108,0.577981  
0.441073,0.491606 
0.441044,0.480234 
0.440992,0.50396  
0.440982,0.50493  
0.440882,0.531564 
0.440827,0.573321 
0.440781,0.473515 
0.440751,0.608229 
0.440741,0.516492 
0.440609,0.476527 
0.440471,0.523506 
0.440439,0.502833 
0.440435,0.598538 
0.44032,0.534952  
0.440309,0.608832 
0.440256,0.514002 
0.440229,0.464816 
0.440163,0.443489 
0.440116,0.56296  
0.440102,0.480658 
0.440044,0.450056 
0.440039,0.483381 
0.440012,0.614987 
0.439813,0.516918 
0.439683,0.532074 
0.439604,0.481205 
0.439569,0.523168 
0.439542,0.543478 
0.439436,0.550738 
0.439418,0.44374  
0.439385,0.571705 
0.439345,0.477418 
0.439343,0.505996 
0.439212,0.443448 
0.439173,0.570946 
0.439131,0.523171 
0.43907,0.539463  
0.439016,0.584777 
0.438973,0.50582  
0.438967,0.4569   
0.438966,0.464024 
0.438927,0.577761 
0.438914,0.459328 
0.43888,0.570591  
0.438848,0.472181 
0.43884,0.475891  
0.438768,0.516796 
0.438628,0.553643 
0.438582,0.489076 
0.438498,0.475408 
0.438497,0.443668 
0.438386,0.474945 
0.438384,0.526664 
0.43834,0.577676  
0.438326,0.479628 
0.438321,0.465649 
0.438285,0.492245 
0.438192,0.506154 
0.438177,0.539523 
0.438151,0.53395  
0.438149,0.577412 
0.438123,0.48703  
0.438109,0.500894 
0.438072,0.562124 
0.438024,0.460466 
0.438011,0.471381 
0.437961,0.637434 
0.43785,0.528686  
0.437804,0.493733 
0.437779,0.478728 
0.437676,0.459195 
0.437674,0.515571 
0.437618,0.530747 
0.437614,0.555793 
0.437516,0.439691 
0.437454,0.450702 
0.437386,0.549943 
0.437366,0.554607 
0.437364,0.493123 
0.437347,0.439268 
0.437337,0.581523 
0.437255,0.544012 
0.437245,0.44808  
0.437237,0.466821 
0.437223,0.578326 
0.437201,0.492573 
0.437026,0.503643 
0.436863,0.465668 
0.436799,0.448346 
0.43675,0.530227  
0.436656,0.523298 
0.436642,0.472193 
0.436639,0.436988 
0.436615,0.475636 
0.436605,0.516675 
0.436588,0.487512 
0.436532,0.475312 
0.436464,0.453327 
0.436392,0.516351 
0.436381,0.454644 
0.436363,0.537098 
0.436309,0.497425 
0.43628,0.44602   
0.43624,0.500332  
0.436154,0.541022 
0.436146,0.600812 
0.436071,0.577006 
0.43606,0.52375   
0.436036,0.54948  
0.436018,0.600458 
0.435999,0.549287 
0.43599,0.533607  
0.435952,0.464745 
0.435913,0.533614 
0.435907,0.539452 
0.435902,0.553309 
0.435855,0.564829 
0.435845,0.45737  
0.435748,0.4682   
0.435747,0.488313 
0.43573,0.486521  
0.435629,0.564025 
0.435614,0.495392 
0.435606,0.558719 
0.435581,0.480177 
0.435578,0.563002 
0.435567,0.586305 
0.435496,0.604005 
0.435471,0.557457 
0.435423,0.47115  
0.435417,0.442773 
0.435396,0.489738 
0.435361,0.492004 
0.435185,0.562114 
0.435142,0.437601 
0.435118,0.501928 
0.435028,0.476541 
0.435012,0.581317 
0.43499,0.535595  
0.434805,0.443785 
0.434762,0.451969 
0.434678,0.537532 
0.434642,0.439019 
0.43454,0.463304  
0.434502,0.466324 
0.434486,0.448141 
0.43446,0.467778  
0.434443,0.491216 
0.434414,0.588191 
0.434344,0.489512 
0.434327,0.459319 
0.43432,0.456468  
0.434318,0.473578 
0.434284,0.440656 
0.434264,0.461812 
0.434188,0.457553 
0.434139,0.460948 
0.434139,0.580889 
0.434059,0.589391 
0.434051,0.583523 
0.433983,0.533514 
0.433981,0.469579 
0.433943,0.552438 
0.433934,0.504338 
0.433906,0.517202 
0.433885,0.468153 
0.433836,0.531186 
0.433787,0.592284 
0.433672,0.513388 
0.433588,0.440934 
0.433577,0.509716 
0.433563,0.504893 
0.433546,0.437937 
0.433458,0.441055 
0.433401,0.494571 
0.433328,0.447528 
0.433317,0.546134 
0.433235,0.465204 
0.433209,0.433829 
0.433079,0.484419 
0.433035,0.439866 
0.433005,0.487162 
0.43298,0.518006  
0.432861,0.528608 
0.432834,0.437214 
0.432811,0.601439 
0.432788,0.510642 
0.432781,0.444912 
0.432731,0.482472 
0.432722,0.479783 
0.432713,0.438184 
0.432702,0.43631  
0.43268,0.54512   
0.432619,0.473276 
0.432598,0.436508 
0.432594,0.546152 
0.432526,0.472181 
0.432481,0.450373 
0.432481,0.480773 
0.432463,0.612652 
0.432461,0.482472 
0.432459,0.552541 
0.432428,0.471991 
0.432418,0.592091 
0.432403,0.442628 
0.432402,0.442514 
0.432339,0.535291 
0.432272,0.637681 
0.432214,0.442823 
0.432142,0.470676 
0.432126,0.540677 
0.432121,0.613407 
0.432118,0.648245 
0.432066,0.446213 
0.431978,0.46306  
0.431957,0.456606 
0.431947,0.666823 
0.43192,0.475031  
0.431918,0.478599 
0.431882,0.550539 
0.431834,0.512107 
0.431809,0.59375  
0.431785,0.503934 
0.43175,0.444392  
0.431744,0.51602  
0.431731,0.487117 
0.431681,0.484371 
0.431658,0.439057 
0.431462,0.465941 
0.431431,0.462773 
0.431419,0.604812 
0.431415,0.448087 
0.431406,0.55578  
0.431312,0.487371 
0.43124,0.54606   
0.431232,0.44958  
0.431187,0.48484  
0.431187,0.475887 
0.431177,0.446837 
0.431112,0.492925 
0.431109,0.45581  
0.431094,0.491195 
0.431055,0.589447 
0.430934,0.435043 
0.430913,0.526134 
0.430873,0.525856 
0.430802,0.500928 
0.430784,0.552092 
0.430674,0.506287 
0.430603,0.457564 
0.430589,0.498703 
0.430583,0.519671 
0.430577,0.478871 
0.430567,0.440937 
0.430527,0.45704  
0.430412,0.44636  
0.430372,0.488477 
0.430363,0.487314 
0.430358,0.50991  
0.430331,0.5349   
0.430305,0.437774 
0.430294,0.496432 
0.430211,0.494514 
0.430161,0.49656  
0.430124,0.526662 
0.43011,0.49407   
0.430066,0.466705 
0.430047,0.585341 
0.430035,0.44784  
0.430029,0.464955 
0.430014,0.476444 
0.429998,0.4949   
0.429982,0.514528 
0.429945,0.548218 
0.429916,0.4821   
0.429897,0.521932 
0.429894,0.513173 
0.429828,0.458729 
0.429813,0.601979 
0.429807,0.499286 
0.429785,0.491056 
0.429728,0.558175 
0.429715,0.440996 
0.429707,0.498118 
0.429644,0.45767  
0.429633,0.571938 
0.429581,0.636886 
0.429575,0.606778 
0.429556,0.449856 
0.429547,0.525057 
0.429486,0.594424 
0.429481,0.484313 
0.429466,0.463356 
0.429438,0.517237 
0.429384,0.509971 
0.429317,0.510133 
0.4292,0.566183   
0.429176,0.640907 
0.429159,0.482664 
0.429098,0.530351 
0.429012,0.537107 
0.428996,0.459707 
0.428937,0.455252 
0.428876,0.457988 
0.428823,0.594522 
0.428803,0.511529 
0.428726,0.430877 
0.428714,0.463504 
0.428686,0.525688 
0.428544,0.471742 
0.428402,0.535409 
0.428396,0.523737 
0.428254,0.455895 
0.428187,0.436642 
0.428163,0.581665 
0.428149,0.537683 
0.42813,0.540354  
0.428024,0.466511 
0.428016,0.46343  
0.427982,0.438055 
0.427975,0.482653 
0.427937,0.555907 
0.427931,0.558722 
0.427926,0.430605 
0.427881,0.465321 
0.427824,0.441762 
0.427795,0.524869 
0.427779,0.429998 
0.427728,0.498864 
0.427722,0.513273 
0.427694,0.590735 
0.427526,0.619773 
0.427449,0.445665 
0.42744,0.517703  
0.427391,0.438026 
0.427356,0.515258 
0.427322,0.561172 
0.427313,0.55269  
0.427293,0.476921 
0.42728,0.57037   
0.427278,0.439854 
0.427265,0.541683 
0.42722,0.580563  
0.427166,0.484907 
0.427143,0.43891  
0.427116,0.447545 
0.427025,0.440205 
0.42696,0.507154  
0.426917,0.439108 
0.4269,0.465278   
0.426895,0.436828 
0.426883,0.523577 
0.426877,0.586089 
0.426876,0.591041 
0.426868,0.431074 
0.426865,0.475363 
0.42677,0.517464  
0.426745,0.550091 
0.426607,0.529949 
0.426575,0.514952 
0.426417,0.467328 
0.426323,0.439782 
0.426303,0.546224 
0.426275,0.561609 
0.426248,0.457258 
0.426239,0.444272 
0.426225,0.433361 
0.426224,0.565803 
0.426159,0.462437 
0.426154,0.527507 
0.426115,0.466103 
0.426063,0.530696 
0.426019,0.536016 
0.426003,0.462282 
0.42596,0.463308  
0.425941,0.439966 
0.425941,0.45884  
0.425844,0.479369 
0.425727,0.502453 
0.425697,0.461072 
0.42566,0.43862   
0.425575,0.475679 
0.425551,0.543197 
0.425528,0.475091 
0.42552,0.448931  
0.425497,0.573418 
0.425495,0.434132 
0.425464,0.429385 
0.425452,0.476989 
0.425447,0.454402 
0.425305,0.461651 
0.425297,0.468121 
0.425295,0.470317 
0.425241,0.431468 
0.42524,0.530755  
0.425144,0.449311 
0.42514,0.438054  
0.42505,0.488438  
0.425044,0.471285 
0.425021,0.469578 
0.425019,0.468057 
0.424956,0.599172 
0.424925,0.456154 
0.424919,0.433159 
0.424866,0.489372 
0.424865,0.637378 
0.424851,0.497631 
0.424815,0.462027 
0.424811,0.428762 
0.42477,0.485405  
0.424725,0.566932 
0.424721,0.651554 
0.424716,0.431461 
0.424656,0.530725 
0.424634,0.440947 
0.424625,0.581001 
0.42457,0.486164  
0.424569,0.61383  
0.424492,0.478433 
0.424471,0.435602 
0.424396,0.471831 
0.424382,0.428795 
0.424366,0.551615 
0.424314,0.442655 
0.424302,0.431913 
0.424289,0.448535 
0.424207,0.439383 
0.4242,0.449353   
0.424185,0.486539 
0.424123,0.451391 
0.424082,0.443647 
0.424072,0.486252 
0.424025,0.474593 
0.423873,0.465667 
0.423826,0.459538 
0.423719,0.424874 
0.423694,0.515622 
0.423599,0.512553 
0.423589,0.451085 
0.423488,0.424304 
0.423448,0.478925 
0.42344,0.459676  
0.423431,0.435518 
0.42343,0.501529  
0.423411,0.448584 
0.423374,0.558348 
0.423346,0.546935 
0.423317,0.485248 
0.423303,0.460736 
0.423203,0.485586 
0.423083,0.498101 
0.423078,0.467552 
0.423049,0.518371 
0.422976,0.553148 
0.422772,0.530747 
0.422727,0.436486 
0.422698,0.51468  
0.422633,0.53958  
0.422633,0.476    
0.422537,0.527469 
0.42253,0.460195  
0.422483,0.601357 
0.422481,0.429566 
0.422431,0.630542 
0.422378,0.626763 
0.422376,0.552503 
0.422333,0.574078 
0.422325,0.567964 
0.4223,0.425028   
0.42219,0.453411  
0.422129,0.468537 
0.421946,0.607774 
0.421903,0.573077 
0.42187,0.495687  
0.421834,0.569236 
0.421829,0.457436 
0.421784,0.556097 
0.421738,0.474982 
0.421689,0.467285 
0.421665,0.462193 
0.421605,0.540891 
0.421572,0.483298 
0.42155,0.514936  
0.421472,0.429077 
0.42146,0.446528  
0.421358,0.468125 
0.421356,0.442327 
0.421352,0.626136 
0.421347,0.462331 
0.421341,0.455257 
0.421268,0.633263 
0.421258,0.469842 
0.421214,0.429564 
0.421143,0.449631 
0.421091,0.540805 
0.42109,0.421289  
0.421013,0.484646 
0.42096,0.55558   
0.420856,0.545036 
0.420842,0.517376 
0.420836,0.498422 
0.420755,0.487436 
0.420658,0.542934 
0.420558,0.430276 
0.420529,0.487071 
0.420469,0.573743 
0.420457,0.563864 
0.420445,0.61857  
0.420312,0.488293 
0.420294,0.486539 
0.42029,0.577391  
0.420223,0.461229 
0.420206,0.425966 
0.420203,0.624183 
0.420188,0.437562 
0.420184,0.566724 
0.42018,0.538198  
0.420156,0.434791 
0.420153,0.44317  
0.420103,0.460452 
0.420056,0.424822 
0.419995,0.452926 
0.419966,0.534909 
0.419935,0.564918 
0.419922,0.540969 
0.419868,0.431741 
0.419867,0.631374 
0.41986,0.43879   
0.419703,0.46788  
0.419697,0.472829 
0.419588,0.562283 
0.419527,0.433986 
0.419524,0.571035 
0.419514,0.504824 
0.419463,0.43049  
0.419458,0.433351 
0.419427,0.428634 
0.419418,0.527223 
0.41941,0.471704  
0.419384,0.596265 
0.419336,0.457699 
0.419311,0.602543 
0.41931,0.547357  
0.419294,0.438353 
0.419271,0.453677 
0.419214,0.529891 
0.419161,0.579079 
0.419145,0.587105 
0.419143,0.462479 
0.419122,0.536214 
0.418922,0.45587  
0.418919,0.468075 
0.418869,0.424199 
0.418826,0.483826 
0.418824,0.592284 
0.418793,0.491798 
0.418751,0.441916 
0.418692,0.555916 
0.418628,0.50697  
0.418627,0.436597 
0.418613,0.475975 
0.418594,0.432588 
0.418572,0.423259 
0.418515,0.431662 
0.418426,0.605842 
0.418235,0.571136 
0.418227,0.540137 
0.418211,0.430043 
0.418166,0.472104 
0.418151,0.501912 
0.41814,0.540456  
0.418097,0.5743   
0.418064,0.44572  
0.418055,0.518112 
0.417976,0.459814 
0.417901,0.431123 
0.417884,0.422655 
0.417714,0.439594 
0.417708,0.533265 
0.417688,0.436547 
0.417655,0.439475 
0.417626,0.622557 
0.417571,0.528969 
0.417503,0.511177 
0.4175,0.486693   
0.417437,0.556697 
0.41731,0.425088  
0.417306,0.521847 
0.417279,0.565356 
0.417263,0.472534 
0.417212,0.490406 
0.417155,0.511147 
0.417101,0.424746 
0.417075,0.435149 
0.417049,0.592243 
0.416951,0.439126 
0.41685,0.426389  
0.416834,0.472925 
0.416834,0.48543  
0.416683,0.455474 
0.416657,0.460784 
0.416641,0.529505 
0.416635,0.41937  
0.416619,0.457111 
0.416619,0.504062 
0.416577,0.538822 
0.416551,0.596658 
0.41654,0.420946  
0.416388,0.417283 
0.416286,0.47084  
0.416113,0.481245 
0.416108,0.472176 
0.416042,0.493016 
0.416022,0.473732 
0.41601,0.549771  
0.41599,0.538253  
0.415901,0.445646 
0.41587,0.544161  
0.415824,0.426097 
0.415765,0.577299 
0.415704,0.433938 
0.415701,0.57192  
0.415647,0.473036 
0.41561,0.604842  
0.4156,0.494002   
0.415586,0.641341 
0.415585,0.586049 
0.415579,0.574018 
0.415577,0.469141 
0.415572,0.440901 
0.415551,0.521044 
0.415546,0.443017 
0.415527,0.453456 
0.415472,0.471407 
0.41543,0.54124   
0.415361,0.417024 
0.415332,0.60161  
0.415293,0.581454 
0.415233,0.448305 
0.41523,0.466396  
0.415229,0.417001 
0.415189,0.4893   
0.415167,0.514283 
0.415153,0.452516 
0.415141,0.419872 
0.415045,0.498252 
0.415023,0.558048 
0.415005,0.625952 
0.415004,0.444225 
0.414991,0.456101 
0.414975,0.635339 
0.414937,0.435531 
0.414926,0.469884 
0.414891,0.470449 
0.414872,0.436996 
0.414841,0.425865 
0.414719,0.416552 
0.414652,0.535143 
0.41457,0.504338  
0.414558,0.55669  
0.414474,0.429222 
0.414445,0.512207 
0.41437,0.500274  
0.414358,0.540462 
0.414316,0.437176 
0.4143,0.463227   
0.41426,0.432889  
0.414195,0.526436 
0.414185,0.443668 
0.414092,0.500767 
0.413968,0.424114 
0.413964,0.474743 
0.41396,0.480711  
0.413936,0.513657 
0.413935,0.434054 
0.413789,0.501494 
0.413734,0.574507 
0.413708,0.495304 
0.413667,0.542461 
0.413643,0.499073 
0.413624,0.43989  
0.413576,0.52506  
0.413559,0.584466 
0.413513,0.613321 
0.4135,0.50111    
0.413474,0.45647  
0.413356,0.416435 
0.413352,0.566785 
0.413279,0.413895 
0.413244,0.607796 
0.413241,0.451013 
0.413236,0.566202 
0.413158,0.546293 
0.413146,0.474787 
0.413138,0.500516 
0.413119,0.419082 
0.413105,0.421273 
0.413024,0.606138 
0.412979,0.452069 
0.412949,0.562484 
0.412804,0.508645 
0.412798,0.55468  
0.412797,0.468164 
0.412709,0.49009  
0.4127,0.493175   
0.41266,0.503707  
0.412644,0.570413 
0.412585,0.480744 
0.412563,0.470534 
0.412547,0.464374 
0.412511,0.522865 
0.41249,0.572447  
0.412426,0.613502 
0.41242,0.497697  
0.4124,0.479599   
0.412328,0.568977 
0.412316,0.413602 
0.41224,0.448893  
0.412212,0.571914 
0.412196,0.528764 
0.412164,0.547387 
0.412136,0.571943 
0.412129,0.47162  
0.412027,0.513158 
0.412015,0.445228 
0.411972,0.529223 
0.411962,0.494044 
0.411946,0.484369 
0.41189,0.448674  
0.411875,0.531955 
0.411869,0.56991  
0.411857,0.431288 
0.411833,0.502364 
0.4118,0.435448   
0.411756,0.496224 
0.411746,0.432215 
0.411727,0.468913 
0.41171,0.552147  
0.4117,0.42444    
0.411656,0.428682 
0.411599,0.412266 
0.411557,0.479194 
0.411546,0.480579 
0.411546,0.429747 
0.411543,0.52351  
0.411469,0.428035 
0.411451,0.480507 
0.411445,0.543057 
0.41144,0.418019  
0.411335,0.453852 
0.411303,0.537467 
0.411256,0.425809 
0.411231,0.627987 
0.411161,0.473317 
0.411121,0.57076  
0.411095,0.61613  
0.411093,0.530604 
0.411089,0.420812 
0.410978,0.567419 
0.41089,0.586644  
0.410834,0.433693 
0.410759,0.602946 
0.410675,0.447734 
0.41065,0.453173  
0.410649,0.469553 
0.410644,0.456273 
0.410629,0.42192  
0.410491,0.418174 
0.410474,0.496766 
0.410438,0.534347 
0.410225,0.448342 
0.410173,0.567854 
0.410108,0.448046 
0.410082,0.4344   
0.410071,0.463527 
0.41005,0.415628  
0.410005,0.424842 
0.409906,0.494934 
0.409879,0.541013 
0.409864,0.539074 
0.409814,0.450956 
0.409808,0.658258 
0.409791,0.48171  
0.409748,0.485569 
0.409714,0.426482 
0.409654,0.562512 
0.409625,0.460811 
0.409577,0.474919 
0.409506,0.468407 
0.409503,0.424317 
0.409465,0.494267 
0.409456,0.41431  
0.409346,0.431514 
0.409346,0.463229 
0.409339,0.57238  
0.409291,0.451466 
0.409274,0.468861 
0.409247,0.527381 
0.409211,0.422734 
0.409189,0.49954  
0.40916,0.651217  
0.409113,0.48439  
0.409104,0.642372 
0.409095,0.606893 
0.409062,0.415629 
0.409043,0.428795 
0.409014,0.486678 
0.409007,0.502717 
0.408979,0.44788  
0.408911,0.590902 
0.408868,0.409144 
0.408862,0.49614  
0.408831,0.46952  
0.408799,0.613696 
0.408796,0.444579 
0.408783,0.570895 
0.40874,0.570325  
0.408657,0.558533 
0.408533,0.432606 
0.408481,0.484672 
0.408344,0.513138 
0.408338,0.423263 
0.408329,0.423192 
0.408315,0.512394 
0.408269,0.480771 
0.40823,0.429426  
0.408219,0.420158 
0.40818,0.447111  
0.40815,0.415737  
0.408144,0.437979 
0.408116,0.461685 
0.408081,0.580088 
0.408063,0.458323 
0.408037,0.437572 
0.407992,0.481486 
0.40799,0.474691  
0.407985,0.440452 
0.407975,0.496648 
0.407925,0.534747 
0.4079,0.445523   
0.407823,0.442305 
0.407818,0.494966 
0.407807,0.444145 
0.407789,0.461352 
0.407786,0.625308 
0.407764,0.477902 
0.407764,0.450131 
0.407754,0.511809 
0.407634,0.545417 
0.407626,0.632711 
0.407599,0.436585 
0.40756,0.473554  
0.407486,0.636379 
0.407469,0.581679 
0.407447,0.580986 
0.407442,0.464406 
0.407427,0.53137  
0.407398,0.407916 
0.407375,0.410551 
0.407337,0.557502 
0.407334,0.55757  
0.407271,0.518441 
0.40723,0.439693  
0.407194,0.451328 
0.407119,0.417682 
0.407097,0.41357  
0.407041,0.43827  
0.407,0.473553    
0.406966,0.471075 
0.406956,0.560109 
0.406878,0.556003 
0.406855,0.519448 
0.406854,0.582829 
0.406816,0.592805 
0.406806,0.543204 
0.406764,0.492621 
0.406706,0.485178 
0.406695,0.527377 
0.406638,0.46692  
0.406615,0.559375 
0.406594,0.435648 
0.406586,0.593201 
0.406581,0.455977 
0.406563,0.476559 
0.406557,0.545756 
0.406536,0.488116 
0.406489,0.45     
0.406414,0.631286 
0.406406,0.574603 
0.406373,0.42449  
0.40635,0.423326  
0.406318,0.4141   
0.406219,0.459145 
0.406217,0.433145 
0.406194,0.423872 
0.406143,0.454452 
0.406112,0.569506 
0.406072,0.564923 
0.406049,0.550489 
0.406048,0.526031 
0.406025,0.416308 
0.405997,0.426681 
0.405992,0.447718 
0.405975,0.486058 
0.405965,0.550762 
0.405939,0.408078 
0.405922,0.453112 
0.405911,0.412705 
0.405837,0.500118 
0.405827,0.420426 
0.405825,0.501837 
0.405797,0.435413 
0.405794,0.483353 
0.405792,0.592234 
0.405776,0.482017 
0.405706,0.573124 
0.405702,0.467621 
0.405637,0.546829 
0.405591,0.643385 
0.4055,0.432466   
0.405472,0.564928 
0.405455,0.411641 
0.405365,0.411516 
0.405359,0.498377 
0.40531,0.415599  
0.405254,0.52013  
0.405236,0.456298 
0.405185,0.494108 
0.405184,0.497711 
0.405175,0.406591 
0.405174,0.501144 
0.405017,0.510663 
0.405005,0.519273 
0.404902,0.486468 
0.404844,0.581236 
0.404772,0.55925  
0.404757,0.500332 
0.404732,0.47844  
0.404707,0.420988 
0.404678,0.581182 
0.404666,0.421387 
0.404625,0.511619 
0.4046,0.408602   
0.404574,0.471659 
0.404542,0.45403  
0.404517,0.495529 
0.404471,0.564863 
0.404438,0.51302  
0.404417,0.496504 
0.404414,0.446452 
0.404379,0.523879 
0.404367,0.593527 
0.404323,0.518717 
0.404319,0.575652 
0.404279,0.485162 
0.404268,0.590099 
0.404264,0.574603 
0.40425,0.602235  
0.404242,0.456655 
0.404228,0.476648 
0.404199,0.469009 
0.404172,0.54706  
0.404172,0.420056 
0.404145,0.427561 
0.404122,0.433162 
0.404117,0.64816  
0.404112,0.534909 
0.404027,0.454582 
0.404022,0.411826 
0.403987,0.592628 
0.403914,0.566457 
0.403804,0.5011   
0.40371,0.482901  
0.403682,0.412984 
0.403679,0.569786 
0.40366,0.494206  
0.403644,0.491691 
0.403623,0.489718 
0.403525,0.620956 
0.403519,0.519279 
0.403511,0.439803 
0.403504,0.415109 
0.403435,0.440197 
0.40341,0.620169  
0.403382,0.537096 
0.40338,0.516886  
0.403339,0.414659 
0.403307,0.518745 
0.403278,0.422323 
0.403267,0.589171 
0.403203,0.43095  
0.403135,0.444762 
0.403131,0.4569   
0.403129,0.489112 
0.403092,0.613548 
0.403045,0.460444 
0.402976,0.413586 
0.402976,0.593692 
0.402909,0.566363 
0.402905,0.565367 
0.402879,0.453438 
0.402832,0.590623 
0.402755,0.424988 
0.402585,0.445805 
0.402569,0.54988  
0.402536,0.541593 
0.402478,0.487118 
0.402427,0.566428 
0.402425,0.561814 
0.402353,0.403656 
0.402274,0.433534 
0.40209,0.474373  
0.40208,0.465534  
0.402069,0.422178 
0.402037,0.533179 
0.401956,0.49463  
0.40192,0.607484  
0.401882,0.505728 
0.401856,0.436845 
0.401852,0.444259 
0.401778,0.545254 
0.401778,0.481425 
0.401776,0.488322 
0.401717,0.524914 
0.401704,0.453637 
0.4017,0.43606    
0.401673,0.570417 
0.401631,0.479105 
0.401568,0.575652 
0.401553,0.413665 
0.401497,0.52369  
0.401484,0.408742 
0.401475,0.684018 
0.401367,0.566088 
0.401365,0.42834  
0.401334,0.460735 
0.401324,0.457283 
0.401305,0.499372 
0.401247,0.614338 
0.401227,0.549717 
0.401216,0.505481 
0.401184,0.613466 
0.401172,0.425183 
0.40116,0.53416   
0.401147,0.591528 
0.401113,0.549482 
0.401092,0.64298  
0.401087,0.540663 
0.401033,0.417925 
0.400931,0.509426 
0.400902,0.473661 
0.400874,0.484416 
0.400866,0.563069 
0.400785,0.499595 
0.400598,0.62647  
0.400579,0.614962 
0.400552,0.412648 
0.400512,0.531951 
0.400466,0.42095  
0.400453,0.614394 
0.400449,0.624694 
0.40044,0.413454  
0.400432,0.574575 
0.400424,0.481246 
0.400343,0.494197 
0.400339,0.562512 
0.400273,0.480997 
0.400261,0.523771 
0.400104,0.548815 
0.4001,0.591627   
0.400072,0.509053 
0.400061,0.478839 
0.400015,0.451921 
0.399978,0.400612 
0.399966,0.577033 
0.399961,0.608108 
0.39982,0.428789  
0.39974,0.512166  
0.39973,0.590152  
0.39967,0.528329  
0.399647,0.441877 
0.399643,0.439854 
0.399546,0.417084 
0.399543,0.567024 
0.399481,0.542277 
0.399446,0.539379 
0.399377,0.433508 
0.399368,0.448339 
0.399364,0.566776 
0.399363,0.508085 
0.39933,0.478466  
0.399306,0.575514 
0.399176,0.444465 
0.399176,0.48847  
0.399071,0.438497 
0.399039,0.455296 
0.399015,0.570123 
0.398973,0.602353 
0.398961,0.496108 
0.398947,0.455491 
0.398935,0.469376 
0.398914,0.536607 
0.398914,0.456209 
0.398907,0.414991 
0.39889,0.52013   
0.398845,0.399935 
0.398845,0.642499 
0.398809,0.587963 
0.398807,0.641182 
0.39878,0.414702  
0.398707,0.483194 
0.398674,0.507695 
0.398608,0.545492 
0.39854,0.512741  
0.398497,0.41826  
0.398497,0.574643 
0.398372,0.461087 
0.398319,0.619109 
0.398304,0.549178 
0.398235,0.447573 
0.398203,0.461378 
0.398159,0.404774 
0.398158,0.416871 
0.39813,0.433248  
0.398033,0.509592 
0.398031,0.460808 
0.398007,0.638179 
0.398005,0.618312 
0.398002,0.446306 
0.397946,0.450368 
0.397919,0.421581 
0.397907,0.590392 
0.397824,0.398627 
0.397821,0.447611 
0.397805,0.513559 
0.397779,0.554283 
0.397725,0.53002  
0.397716,0.39865  
0.397673,0.453792 
0.397651,0.578234 
0.397622,0.508002 
0.397611,0.589371 
0.397605,0.613736 
0.397587,0.481111 
0.397579,0.561996 
0.397563,0.492933 
0.397548,0.584625 
0.397423,0.501232 
0.397411,0.414547 
0.397399,0.566565 
0.397394,0.43184  
0.397301,0.492451 
0.397292,0.517196 
0.39729,0.462434  
0.397274,0.533494 
0.397239,0.532226 
0.397238,0.471087 
0.397237,0.489833 
0.397222,0.490077 
0.397209,0.398592 
0.397208,0.517196 
0.397171,0.494206 
0.397167,0.41818  
0.397159,0.473069 
0.397066,0.424808 
0.397013,0.571849 
0.396993,0.397597 
0.396989,0.558439 
0.396933,0.466449 
0.396932,0.482918 
0.396897,0.448523 
0.396771,0.398973 
0.396763,0.465775 
0.396711,0.450269 
0.396629,0.519103 
0.396603,0.572458 
0.396603,0.467965 
0.396523,0.428798 
0.396441,0.485644 
0.396395,0.401143 
0.396394,0.483598 
0.396371,0.40585  
0.396343,0.622395 
0.3963,0.482674   
0.396229,0.464901 
0.396206,0.458802 
0.396185,0.618715 
0.396177,0.580199 
0.396172,0.583256 
0.39613,0.492465  
0.396126,0.5558   
0.396041,0.47014  
0.395976,0.451466 
0.395927,0.511027 
0.395904,0.505831 
0.395896,0.5198   
0.395878,0.623882 
0.395858,0.500279 
0.395854,0.498224 
0.395847,0.44768  
0.395824,0.436501 
0.395766,0.401588 
0.395751,0.573165 
0.395743,0.607604 
0.395738,0.475657 
0.39572,0.58823   
0.395715,0.407024 
0.395675,0.492037 
0.395672,0.440719 
0.395616,0.479079 
0.395591,0.552505 
0.395578,0.452491 
0.39555,0.545698  
0.395529,0.515249 
0.395462,0.53629  
0.395411,0.590059 
0.395393,0.49199  
0.395387,0.481016 
0.395359,0.552819 
0.395332,0.49146  
0.395315,0.558201 
0.395315,0.487688 
0.395247,0.463793 
0.395224,0.571466 
0.39522,0.412471  
0.395159,0.482088 
0.395136,0.570223 
0.395084,0.581165 
0.394987,0.619077 
0.394966,0.577735 
0.394962,0.407099 
0.394918,0.562868 
0.394914,0.430092 
0.394904,0.541764 
0.394899,0.430178 
0.394867,0.523534 
0.394858,0.572512 
0.394856,0.456687 
0.394851,0.498501 
0.394797,0.479692 
0.394795,0.483048 
0.394775,0.536202 
0.394733,0.401574 
0.394724,0.540482 
0.394722,0.440101 
0.394653,0.451894 
0.394636,0.430329 
0.394615,0.455303 
0.394593,0.404514 
0.394582,0.549553 
0.394559,0.57084  
0.394465,0.401854 
0.394428,0.51522  
0.394382,0.432387 
0.394313,0.419185 
0.394263,0.517447 
0.394232,0.440934 
0.394218,0.594262 
0.394211,0.415033 
0.394209,0.483298 
0.394207,0.417809 
0.394169,0.424874 
0.394154,0.462411 
0.394125,0.488845 
0.394029,0.450091 
0.393892,0.479264 
0.393879,0.395919 
0.39384,0.432856  
0.393819,0.473695 
0.393756,0.451586 
0.393734,0.39565  
0.39361,0.441325  
0.393608,0.401129 
0.393552,0.494014 
0.39354,0.50214   
0.393502,0.588226 
0.393499,0.412651 
0.393498,0.490207 
0.393282,0.513377 
0.393254,0.393545 
0.393198,0.472293 
0.393192,0.572213 
0.393186,0.454382 
0.393176,0.456057 
0.393172,0.586557 
0.39316,0.592838  
0.393126,0.587769 
0.393062,0.406526 
0.393057,0.615991 
0.39305,0.555471  
0.393033,0.485417 
0.393023,0.435474 
0.393006,0.429956 
0.393006,0.404745 
0.393002,0.548007 
0.392931,0.479476 
0.392879,0.418315 
0.392873,0.598329 
0.392801,0.402638 
0.392783,0.41914  
0.392771,0.448732 
0.39275,0.437797  
0.392748,0.475226 
0.392694,0.469311 
0.392665,0.638197 
0.39265,0.490724  
0.392528,0.405952 
0.39252,0.431514  
0.392476,0.495914 
0.392444,0.457594 
0.39242,0.524076  
0.392372,0.576615 
0.392349,0.397114 
0.392328,0.546732 
0.392289,0.487318 
0.392284,0.459203 
0.392277,0.480411 
0.392272,0.438393 
0.392217,0.419187 
0.392145,0.568824 
0.392076,0.58211  
0.392075,0.520988 
0.392058,0.573409 
0.392054,0.411574 
0.39205,0.558818  
0.392033,0.471258 
0.391987,0.494267 
0.39198,0.610831  
0.391949,0.553726 
0.391944,0.449919 
0.391862,0.417545 
0.391844,0.619655 
0.391844,0.519221 
0.391791,0.450296 
0.391788,0.432894 
0.391657,0.579696 
0.391648,0.60081  
0.391625,0.593871 
0.391554,0.411675 
0.391529,0.398947 
0.391497,0.453485 
0.391455,0.406986 
0.391411,0.593682 
0.391326,0.519332 
0.39131,0.583747  
0.391236,0.40674  
0.391217,0.464928 
0.391158,0.585205 
0.391104,0.59105  
0.391087,0.493131 
0.391069,0.410024 
0.391001,0.64049  
0.390897,0.410533 
0.390812,0.662615 
0.390796,0.572939 
0.390745,0.50388  
0.390745,0.556228 
0.39074,0.469454  
0.390702,0.428682 
0.390697,0.408598 
0.390627,0.569344 
0.390593,0.429326 
0.39059,0.491256  
0.390574,0.396077 
0.390532,0.435506 
0.390526,0.447858 
0.390518,0.547776 
0.390473,0.425219 
0.390441,0.463981 
0.390415,0.538531 
0.390357,0.522951 
0.390357,0.432872 
0.39034,0.497915  
0.390284,0.515018 
0.390179,0.50566  
0.39015,0.494355  
0.390101,0.421871 
0.390034,0.429735 
0.389928,0.435331 
0.389922,0.568646 
0.389858,0.499735 
0.389827,0.517256 
0.389826,0.40317  
0.389799,0.456874 
0.389745,0.413152 
0.389625,0.522635 
0.389589,0.483613 
0.389577,0.549188 
0.389477,0.447094 
0.389421,0.460427 
0.389401,0.478542 
0.389321,0.650915 
0.389311,0.533686 
0.389207,0.443035 
0.389159,0.603168 
0.389129,0.420004 
0.389121,0.60322  
0.389109,0.414204 
0.389095,0.500728 
0.389059,0.464983 
0.389053,0.449565 
0.38905,0.525693  
0.388873,0.412388 
0.388845,0.546198 
0.388839,0.467007 
0.388806,0.524232 
0.388794,0.44344  
0.388749,0.405438 
0.388705,0.611415 
0.388705,0.57599  
0.388699,0.578614 
0.388656,0.635424 
0.388652,0.443344 
0.388645,0.527826 
0.388642,0.627374 
0.388621,0.575531 
0.388585,0.469717 
0.388579,0.491654 
0.388559,0.438911 
0.388535,0.578433 
0.388519,0.548125 
0.388498,0.403629 
0.388486,0.649042 
0.388484,0.401143 
0.388478,0.388666 
0.388403,0.406954 
0.388383,0.467483 
0.388359,0.478047 
0.388334,0.596904 
0.38833,0.511567  
0.388322,0.44814  
0.388309,0.595449 
0.388279,0.529776 
0.388225,0.58878  
0.388194,0.391226 
0.388171,0.467663 
0.388136,0.610102 
0.388133,0.510696 
0.388079,0.483753 
0.388011,0.447597 
0.387955,0.38984  
0.387944,0.475632 
0.38794,0.504276  
0.387927,0.575098 
0.387901,0.60572  
0.387887,0.562864 
0.387848,0.594816 
0.387794,0.486269 
0.38778,0.516168  
0.387778,0.411068 
0.38772,0.502833  
0.387617,0.42373  
0.387584,0.595758 
0.387578,0.38904  
0.387568,0.502882 
0.387535,0.541125 
0.387524,0.48968  
0.387524,0.43085  
0.38748,0.395145  
0.387436,0.405649 
0.387431,0.612038 
0.387412,0.46454  
0.387404,0.524509 
0.387308,0.480938 
0.387284,0.42397  
0.387228,0.524024 
0.387221,0.424845 
0.387218,0.467047 
0.387191,0.567702 
0.38715,0.427657  
0.387096,0.427764 
0.387093,0.439229 
0.387073,0.459693 
0.387055,0.46633  
0.387046,0.536044 
0.387011,0.410843 
0.386987,0.564178 
0.386955,0.52387  
0.386923,0.428052 
0.386919,0.601756 
0.386901,0.40525  
0.386895,0.509684 
0.386826,0.405325 
0.386819,0.546915 
0.386817,0.405188 
0.38676,0.511651  
0.386751,0.500831 
0.386729,0.480617 
0.386663,0.549606 
0.386644,0.574275 
0.386624,0.54666  
0.386562,0.518323 
0.386492,0.399944 
0.386472,0.572275 
0.386469,0.38687  
0.386447,0.443678 
0.386398,0.526448 
0.386396,0.484774 
0.386371,0.40432  
0.386362,0.446163 
0.386355,0.450006 
0.386287,0.417318 
0.386235,0.395329 
0.386216,0.417574 
0.386137,0.45388  
0.386129,0.484424 
0.386087,0.432395 
0.386066,0.606728 
0.386063,0.571873 
0.385995,0.533049 
0.38591,0.620809  
0.385892,0.392733 
0.385838,0.576999 
0.385835,0.405083 
0.385801,0.511324 
0.385743,0.408039 
0.385729,0.402356 
0.385669,0.550045 
0.385659,0.552731 
0.385652,0.445091 
0.385635,0.446952 
0.38561,0.557964  
0.38558,0.557897  
0.385579,0.466841 
0.385578,0.578008 
0.385512,0.54907  
0.385459,0.416822 
0.385385,0.56997  
0.38534,0.43459   
0.385246,0.546119 
0.385204,0.519509 
0.385187,0.48423  
0.385181,0.559568 
0.385166,0.449239 
0.385164,0.561861 
0.385163,0.6003   
0.385155,0.589441 
0.385082,0.420481 
0.385074,0.4149   
0.385067,0.470131 
0.385027,0.597453 
0.38502,0.53876   
0.385003,0.57334  
0.384958,0.513175 
0.384944,0.425288 
0.384836,0.549867 
0.384812,0.478945 
0.384738,0.522112 
0.384718,0.446793 
0.38466,0.602003  
0.384588,0.433186 
0.384533,0.58374  
0.384518,0.575832 
0.38451,0.578163  
0.384483,0.433374 
0.384483,0.572886 
0.384329,0.54787  
0.384301,0.411305 
0.384286,0.551308 
0.384276,0.585986 
0.384252,0.567708 
0.384223,0.433723 
0.384201,0.596297 
0.384201,0.406246 
0.384185,0.449423 
0.384154,0.576395 
0.384144,0.406149 
0.384128,0.582922 
0.384127,0.475709 
0.384086,0.627767 
0.384019,0.518659 
0.383965,0.394438 
0.38395,0.587601  
0.383927,0.401533 
0.383905,0.485956 
0.383882,0.385815 
0.383852,0.499955 
0.383794,0.3877   
0.383783,0.610984 
0.383767,0.442471 
0.383714,0.422851 
0.38371,0.500208  
0.383604,0.555455 
0.38355,0.526529  
0.383499,0.486509 
0.383497,0.589972 
0.383479,0.530422 
0.383444,0.647885 
0.383424,0.445408 
0.383369,0.396341 
0.38335,0.412337  
0.383331,0.549718 
0.38333,0.408715  
0.383327,0.590817 
0.383272,0.506027 
0.383231,0.534907 
0.383094,0.564061 
0.383048,0.564409 
0.383034,0.525417 
0.383018,0.395291 
0.383012,0.456776 
0.382929,0.445248 
0.382916,0.42203  
0.382836,0.406057 
0.382832,0.408188 
0.382811,0.467312 
0.382809,0.610434 
0.382791,0.464138 
0.382761,0.443193 
0.382712,0.47442  
0.382691,0.488947 
0.382655,0.44896  
0.382625,0.6284   
0.382577,0.41252  
0.382567,0.557226 
0.382528,0.432669 
0.38248,0.614378  
0.382457,0.565124 
0.382448,0.513375 
0.382448,0.490709 
0.382416,0.547092 
0.382393,0.426391 
0.382338,0.454944 
0.382265,0.596879 
0.382252,0.396449 
0.382163,0.472753 
0.382162,0.540939 
0.382157,0.629927 
0.382117,0.410743 
0.382114,0.386041 
0.38208,0.388913  
0.382077,0.593275 
0.382052,0.399035 
0.381958,0.450673 
0.381917,0.528938 
0.381883,0.47181  
0.381871,0.388361 
0.381851,0.612619 
0.381798,0.382114 
0.381762,0.651889 
0.381759,0.577614 
0.381756,0.502376 
0.381695,0.581818 
0.381693,0.419652 
0.381691,0.568817 
0.38166,0.391564  
0.381657,0.489126 
0.381588,0.500252 
0.381494,0.412424 
0.381479,0.469715 
0.381369,0.489421 
0.381348,0.511033 
0.381318,0.474712 
0.381234,0.488382 
0.381199,0.604022 
0.381171,0.545317 
0.381162,0.551838 
0.381146,0.416958 
0.381075,0.456607 
0.381041,0.443714 
0.380988,0.537597 
0.380978,0.611344 
0.380947,0.524326 
0.380939,0.545183 
0.380933,0.61589  
0.380902,0.52534  
0.380892,0.559847 
0.380841,0.38153  
0.380827,0.495154 
0.380808,0.584998 
0.380806,0.592862 
0.380779,0.616574 
0.380718,0.567381 
0.380692,0.42115  
0.380687,0.613219 
0.380664,0.432398 
0.38055,0.381624  
0.380526,0.522452 
0.380521,0.397832 
0.380521,0.589637 
0.380514,0.417267 
0.380491,0.386727 
0.380448,0.551231 
0.380447,0.468546 
0.380439,0.44092  
0.3804,0.391333   
0.380383,0.407045 
0.380349,0.472102 
0.380321,0.380697 
0.38022,0.506948  
0.380217,0.437186 
0.380205,0.470842 
0.3802,0.383064   
0.380199,0.624002 
0.380165,0.4289   
0.380134,0.428547 
0.380126,0.592277 
0.380098,0.580388 
0.380089,0.590281 
0.380084,0.508603 
0.380062,0.398168 
0.379998,0.499955 
0.379927,0.404795 
0.379884,0.385579 
0.379844,0.530392 
0.379817,0.386468 
0.379742,0.470474 
0.379677,0.404586 
0.379595,0.39491  
0.379593,0.410834 
0.379587,0.545716 
0.37956,0.520497  
0.3795,0.404574   
0.379479,0.427716 
0.379357,0.42472  
0.379347,0.479857 
0.379304,0.582551 
0.37927,0.401285  
0.379204,0.397085 
0.37912,0.530198  
0.379066,0.626405 
0.379009,0.613449 
0.378921,0.556758 
0.378889,0.504558 
0.378878,0.45927  
0.378874,0.555023 
0.378839,0.380944 
0.378742,0.599761 
0.378724,0.438176 
0.378634,0.51105  
0.378626,0.575761 
0.378615,0.3937   
0.378586,0.445257 
0.378523,0.4505   
0.378504,0.52925  
0.378496,0.455709 
0.378487,0.562454 
0.378464,0.427442 
0.378454,0.517144 
0.378344,0.466493 
0.378329,0.433073 
0.378318,0.400471 
0.378215,0.396808 
0.37821,0.402964  
0.378063,0.479198 
0.378021,0.592786 
0.377863,0.390714 
0.37784,0.591982  
0.377759,0.559621 
0.377748,0.433479 
0.37773,0.547219  
0.377681,0.482918 
0.37765,0.396723  
0.377624,0.37775  
0.377599,0.479054 
0.377511,0.459274 
0.377473,0.490463 
0.377437,0.52042  
0.377414,0.592326 
0.377346,0.38118  
0.377345,0.455579 
0.377345,0.523812 
0.377317,0.382281 
0.377306,0.539445 
0.377273,0.391699 
0.377244,0.429044 
0.377224,0.489636 
0.377204,0.37812  
0.377109,0.466678 
0.377062,0.426089 
0.377057,0.397679 
0.377025,0.382955 
0.377022,0.385545 
0.377015,0.398763 
0.376995,0.456455 
0.376853,0.427857 
0.376846,0.490067 
0.376835,0.422059 
0.376826,0.565026 
0.376803,0.469209 
0.376794,0.427243 
0.376778,0.434517 
0.376727,0.491479 
0.37672,0.648045  
0.376713,0.477045 
0.376577,0.585501 
0.376554,0.4991   
0.376548,0.4726   
0.37649,0.603818  
0.376483,0.420762 
0.376482,0.389932 
0.376471,0.517612 
0.376468,0.383671 
0.376415,0.41763  
0.376368,0.656203 
0.376354,0.535643 
0.376352,0.611588 
0.376283,0.643526 
0.376251,0.393159 
0.376231,0.584697 
0.376205,0.450022 
0.3762,0.479246   
0.376184,0.414901 
0.376106,0.553728 
0.376079,0.626647 
0.376022,0.459447 
0.376009,0.482919 
0.37599,0.403139  
0.375934,0.560974 
0.375909,0.388102 
0.375904,0.430345 
0.375886,0.443325 
0.375882,0.540223 
0.37588,0.524204  
0.375855,0.4437   
0.375844,0.51857  
0.375822,0.462101 
0.375774,0.452116 
0.375763,0.612929 
0.375593,0.56217  
0.375555,0.480031 
0.375476,0.628868 
0.375458,0.63049  
0.375453,0.449954 
0.375447,0.387927 
0.375403,0.496806 
0.375393,0.486364 
0.375359,0.403098 
0.375328,0.552433 
0.375294,0.422575 
0.37517,0.387812  
0.375149,0.49403  
0.375103,0.559718 
0.375055,0.414193 
0.374982,0.441163 
0.374936,0.501724 
0.374921,0.504441 
0.374914,0.446174 
0.374893,0.496672 
0.374886,0.399766 
0.374872,0.482444 
0.374836,0.388028 
0.374802,0.437827 
0.374747,0.608442 
0.374719,0.523874 
0.374699,0.642129 
0.37469,0.573663  
0.374585,0.452898 
0.37447,0.531527  
0.374328,0.558568 
0.374311,0.46041  
0.374247,0.531268 
0.374196,0.463571 
0.374154,0.473292 
0.374093,0.393989 
0.374088,0.520393 
0.374059,0.526586 
0.374044,0.637404 
0.374016,0.403778 
0.374006,0.466524 
0.373982,0.537101 
0.37389,0.461699  
0.373882,0.482541 
0.373863,0.554055 
0.373827,0.451681 
0.37382,0.422375  
0.373809,0.490994 
0.373782,0.622085 
0.373474,0.416364 
0.373468,0.599935 
0.37344,0.594561  
0.373425,0.502526 
0.373358,0.512034 
0.373289,0.627732 
0.373207,0.384975 
0.373163,0.419938 
0.373136,0.614394 
0.373069,0.556682 
0.37305,0.527194  
0.373024,0.386344 
0.373019,0.655479 
0.372916,0.491693 
0.37291,0.552065  
0.372882,0.515765 
0.372821,0.563774 
0.372784,0.380454 
0.372769,0.373498 
0.372737,0.608744 
0.372728,0.51634  
0.372673,0.447044 
0.372573,0.495997 
0.372544,0.507835 
0.372532,0.579777 
0.372523,0.538479 
0.372518,0.379078 
0.372492,0.507509 
0.372485,0.49712  
0.372468,0.472692 
0.372438,0.642432 
0.372425,0.514917 
0.3724,0.585997   
0.372283,0.642372 
0.37228,0.559262  
0.372267,0.578138 
0.372255,0.54947  
0.372242,0.557181 
0.372175,0.435872 
0.372146,0.448989 
0.372128,0.449597 
0.372104,0.500216 
0.372098,0.604759 
0.372069,0.590409 
0.372047,0.404049 
0.372004,0.391241 
0.371988,0.573909 
0.371931,0.579692 
0.371873,0.615064 
0.371859,0.399226 
0.371839,0.533367 
0.371777,0.615679 
0.371776,0.52904  
0.371752,0.608792 
0.371741,0.452979 
0.371642,0.451104 
0.371602,0.575249 
0.371549,0.387169 
0.371545,0.470691 
0.371513,0.412835 
0.371513,0.444088 
0.371505,0.473291 
0.371415,0.483504 
0.371394,0.46179  
0.371336,0.566493 
0.371315,0.380079 
0.371303,0.591627 
0.371199,0.545947 
0.371124,0.585936 
0.371116,0.543644 
0.371077,0.600182 
0.371073,0.518841 
0.371042,0.567989 
0.371036,0.44458  
0.370975,0.589114 
0.370956,0.387098 
0.370936,0.592166 
0.370935,0.429892 
0.370901,0.481984 
0.370806,0.437258 
0.37078,0.567812  
0.370742,0.498149 
0.370613,0.442346 
0.370579,0.490427 
0.370576,0.547811 
0.37057,0.52428   
0.370563,0.392088 
0.370553,0.483054 
0.370469,0.42916  
0.370466,0.626346 
0.370452,0.544039 
0.370395,0.491252 
0.370389,0.434532 
0.370363,0.499012 
0.370337,0.534474 
0.370329,0.547901 
0.370324,0.580306 
0.370314,0.518392 
0.370235,0.372091 
0.370191,0.58672  
0.370182,0.390581 
0.370129,0.384831 
0.370116,0.412162 
0.370112,0.599997 
0.370063,0.392109 
0.370047,0.581753 
0.37004,0.399844  
0.370023,0.393423 
0.369848,0.464476 
0.369809,0.504205 
0.369796,0.417751 
0.369703,0.392801 
0.369694,0.475751 
0.369671,0.586165 
0.369659,0.567431 
0.369633,0.578203 
0.369583,0.554988 
0.369573,0.492195 
0.369548,0.519511 
0.369542,0.612784 
0.369527,0.512023 
0.369489,0.489891 
0.369488,0.384377 
0.369475,0.377545 
0.369438,0.397861 
0.369381,0.489205 
0.369323,0.467609 
0.369202,0.499165 
0.369195,0.573691 
0.369161,0.480858 
0.369132,0.565908 
0.369125,0.39699  
0.369087,0.526188 
0.369072,0.414275 
0.369053,0.450486 
0.369053,0.548525 
0.368966,0.446931 
0.368958,0.549985 
0.368924,0.403305 
0.368788,0.438208 
0.368761,0.441888 
0.368728,0.650451 
0.368719,0.519977 
0.368693,0.614682 
0.368686,0.375585 
0.368641,0.648798 
0.368619,0.39426  
0.368541,0.638817 
0.368541,0.533692 
0.368538,0.441659 
0.36849,0.570289  
0.368482,0.488726 
0.368473,0.404882 
0.368464,0.409846 
0.368454,0.493116 
0.368416,0.385651 
0.368411,0.565885 
0.368409,0.3854   
0.368393,0.558039 
0.368389,0.379981 
0.368356,0.445744 
0.368346,0.493424 
0.368298,0.491525 
0.368294,0.584768 
0.368294,0.381338 
0.368244,0.402474 
0.368241,0.542785 
0.3682,0.41702    
0.368188,0.601387 
0.368154,0.573454 
0.36809,0.438817  
0.368043,0.64403  
0.368015,0.549474 
0.368008,0.376772 
0.367966,0.588497 
0.367953,0.44737  
0.367947,0.617873 
0.3679,0.418797   
0.367899,0.540696 
0.367857,0.470537 
0.367837,0.437655 
0.367758,0.517831 
0.36775,0.403529  
0.367687,0.511586 
0.367687,0.48509  
0.367631,0.565396 
0.367596,0.389145 
0.367591,0.530139 
0.367544,0.410804 
0.367543,0.405435 
0.367525,0.58143  
0.367516,0.465874 
0.367503,0.538928 
0.367467,0.647697 
0.367443,0.377622 
0.367411,0.645859 
0.367349,0.375628 
0.367339,0.369355 
0.367256,0.581937 
0.367148,0.616601 
0.367124,0.554241 
0.367053,0.553722 
0.367053,0.407137 
0.367018,0.650272 
0.366975,0.631452 
0.36696,0.623189  
0.366907,0.514256 
0.366778,0.428285 
0.366757,0.370598 
0.366684,0.585044 
0.366652,0.52814  
0.366651,0.535157 
0.366646,0.397327 
0.366643,0.498559 
0.366574,0.385618 
0.366569,0.367884 
0.366449,0.55845  
0.36639,0.472686  
0.366335,0.555094 
0.36632,0.584725  
0.366299,0.368827 
0.366264,0.436338 
0.366261,0.375441 
0.366249,0.413636 
0.36624,0.656061  
0.366201,0.388091 
0.366128,0.442843 
0.36594,0.558083  
0.365896,0.392428 
0.365823,0.653002 
0.365738,0.500429 
0.365722,0.497726 
0.365681,0.468308 
0.365643,0.532367 
0.365583,0.368809 
0.365537,0.399481 
0.365442,0.46237  
0.365418,0.41384  
0.365404,0.542886 
0.365381,0.430581 
0.365363,0.59571  
0.365353,0.538564 
0.365273,0.388738 
0.365264,0.609037 
0.365237,0.519599 
0.365131,0.621056 
0.365105,0.63666  
0.365074,0.534315 
0.365062,0.444356 
0.36503,0.525394  
0.364899,0.415342 
0.364859,0.47775  
0.36482,0.583438  
0.364801,0.564904 
0.364766,0.424313 
0.364742,0.430029 
0.364704,0.57123  
0.364695,0.575604 
0.364692,0.37733  
0.364681,0.424605 
0.364674,0.630348 
0.364654,0.51844  
0.364629,0.542182 
0.364609,0.51598  
0.364599,0.520331 
0.364537,0.392241 
0.364531,0.387303 
0.364472,0.595937 
0.364424,0.44661  
0.364414,0.393818 
0.364404,0.565316 
0.364374,0.378476 
0.364346,0.433602 
0.364342,0.506181 
0.364317,0.473834 
0.36431,0.526119  
0.364261,0.642408 
0.364243,0.472828 
0.364187,0.509703 
0.364046,0.52786  
0.364036,0.519678 
0.364033,0.377409 
0.364016,0.575627 
0.364013,0.405462 
0.364011,0.519462 
0.364003,0.490692 
0.363995,0.642668 
0.363941,0.523686 
0.363908,0.521365 
0.36389,0.397246  
0.363864,0.633568 
0.363812,0.435045 
0.363804,0.524417 
0.363786,0.576527 
0.363757,0.465091 
0.363708,0.363999 
0.363697,0.461077 
0.363688,0.379526 
0.363668,0.375198 
0.363633,0.402646 
0.363597,0.626759 
0.363594,0.620854 
0.363557,0.427361 
0.363547,0.579182 
0.363477,0.39151  
0.363425,0.578605 
0.363423,0.489582 
0.363396,0.369755 
0.363364,0.598121 
0.36336,0.590505  
0.363307,0.444422 
0.363188,0.657886 
0.36315,0.371767  
0.36314,0.484934  
0.363119,0.562084 
0.363093,0.396391 
0.363092,0.397157 
0.363041,0.404945 
0.363006,0.613587 
0.362991,0.552526 
0.362978,0.423427 
0.362933,0.472742 
0.362897,0.402061 
0.362891,0.411978 
0.362856,0.594161 
0.362796,0.505154 
0.362778,0.381931 
0.362702,0.381124 
0.36268,0.589594  
0.362643,0.397533 
0.362612,0.610045 
0.362542,0.46333  
0.362536,0.398548 
0.362528,0.371538 
0.362522,0.598863 
0.362471,0.44168  
0.362306,0.652397 
0.36226,0.558399  
0.362258,0.597756 
0.36217,0.462678  
0.362119,0.571763 
0.362084,0.470577 
0.362061,0.362222 
0.361991,0.38901  
0.361873,0.519159 
0.361862,0.373396 
0.361861,0.412441 
0.361843,0.461291 
0.361843,0.634032 
0.361836,0.623392 
0.361764,0.619788 
0.361749,0.413675 
0.361748,0.362819 
0.361654,0.39339  
0.361574,0.399549 
0.361565,0.413668 
0.361555,0.392323 
0.361545,0.430548 
0.361502,0.418335 
0.361467,0.486036 
0.36145,0.611658  
0.361441,0.43777  
0.361424,0.41049  
0.36134,0.479014  
0.361319,0.465635 
0.361229,0.547438 
0.361213,0.405394 
0.361189,0.434792 
0.361188,0.436495 
0.361181,0.495051 
0.361145,0.623365 
0.361132,0.361314 
0.36113,0.459918  
0.36112,0.575052  
0.361078,0.378542 
0.361063,0.413798 
0.361033,0.643941 
0.36099,0.452972  
0.360988,0.498996 
0.360984,0.601304 
0.360948,0.570716 
0.360908,0.473012 
0.36089,0.50305   
0.36076,0.544303  
0.360745,0.45527  
0.360719,0.40942  
0.360713,0.401049 
0.360701,0.477349 
0.360695,0.39024  
0.360679,0.532979 
0.360656,0.628796 
0.360646,0.516674 
0.36063,0.450104  
0.360624,0.439596 
0.360529,0.381295 
0.360526,0.39346  
0.360508,0.392545 
0.360506,0.385611 
0.360468,0.40932  
0.360393,0.424255 
0.360265,0.37145  
0.360241,0.444816 
0.360186,0.601877 
0.360183,0.405385 
0.360182,0.618778 
0.360162,0.520209 
0.360161,0.560466 
0.360142,0.660526 
0.360068,0.505137 
0.360024,0.450223 
0.359953,0.449815 
0.359944,0.515569 
0.359933,0.624594 
0.359927,0.516631 
0.359906,0.549373 
0.359888,0.537801 
0.359878,0.396477 
0.359759,0.563071 
0.359748,0.460877 
0.359743,0.616874 
0.359721,0.391059 
0.359582,0.526668 
0.359479,0.509005 
0.359448,0.373506 
0.359387,0.450673 
0.359318,0.441197 
0.359124,0.577117 
0.359101,0.464628 
0.359096,0.455693 
0.359019,0.587222 
0.359008,0.584567 
0.359007,0.551055 
0.358971,0.481159 
0.358912,0.467175 
0.358791,0.516279 
0.358736,0.373999 
0.358725,0.380071 
0.358665,0.391814 
0.358632,0.3636   
0.358599,0.605787 
0.358569,0.5118   
0.358555,0.401863 
0.358497,0.390503 
0.358494,0.617197 
0.35849,0.630889  
0.358433,0.40419  
0.358395,0.511082 
0.358372,0.514538 
0.358321,0.37564  
0.358218,0.595826 
0.358205,0.403066 
0.358183,0.402252 
0.358099,0.624052 
0.358084,0.561602 
0.35806,0.655007  
0.358043,0.452155 
0.358039,0.648927 
0.357937,0.592376 
0.357894,0.413    
0.357884,0.437597 
0.357831,0.45651  
0.35783,0.562286  
0.357813,0.515153 
0.357672,0.511202 
0.357668,0.541584 
0.357643,0.420787 
0.35763,0.48529   
0.357627,0.535291 
0.357605,0.383627 
0.357568,0.380386 
0.357559,0.39157  
0.357547,0.364342 
0.357506,0.526976 
0.357491,0.436571 
0.357471,0.493552 
0.357471,0.466412 
0.357395,0.399795 
0.35733,0.590078  
0.357307,0.382684 
0.357287,0.553765 
0.35728,0.456659  
0.357193,0.433654 
0.357178,0.405699 
0.357095,0.545523 
0.357032,0.616598 
0.356945,0.545989 
0.356822,0.525939 
0.356806,0.363068 
0.356767,0.548433 
0.356743,0.523675 
0.356735,0.381794 
0.356714,0.602583 
0.356664,0.38901  
0.356648,0.56825  
0.356625,0.428566 
0.356589,0.624452 
0.356529,0.360238 
0.35646,0.549465  
0.356375,0.37859  
0.356305,0.399684 
0.356277,0.409097 
0.35622,0.446856  
0.356179,0.565282 
0.356155,0.593577 
0.35609,0.544618  
0.355887,0.487699 
0.355884,0.407475 
0.355877,0.486915 
0.35587,0.600617  
0.355802,0.626349 
0.355727,0.507982 
0.355702,0.411489 
0.355683,0.411385 
0.355612,0.362635 
0.355593,0.503073 
0.355543,0.581722 
0.355529,0.449453 
0.355521,0.424008 
0.355478,0.492665 
0.355369,0.405725 
0.35535,0.564201  
0.355346,0.359427 
0.355327,0.574168 
0.355318,0.623015 
0.355274,0.631431 
0.355233,0.398566 
0.355145,0.590904 
0.355129,0.59852  
0.355068,0.663223 
0.355015,0.383619 
0.355014,0.39105  
0.354982,0.424924 
0.354955,0.623775 
0.354796,0.383074 
0.354761,0.513701 
0.354699,0.591963 
0.354623,0.538026 
0.354616,0.418885 
0.354578,0.381118 
0.354572,0.440483 
0.354562,0.671661 
0.354508,0.503232 
0.354433,0.401359 
0.354418,0.426505 
0.354358,0.357986 
0.354268,0.420229 
0.354259,0.685901 
0.354196,0.389886 
0.35412,0.605924  
0.354084,0.409448 
0.354027,0.37732  
0.354016,0.446566 
0.353977,0.494862 
0.353916,0.405004 
0.353869,0.369274 
0.353774,0.515205 
0.353761,0.471172 
0.353724,0.622459 
0.353688,0.467787 
0.35357,0.363459  
0.353524,0.619743 
0.353515,0.45225  
0.353489,0.364457 
0.353485,0.399908 
0.353482,0.36645  
0.353461,0.531099 
0.353436,0.450091 
0.35342,0.54341   
0.353405,0.489491 
0.353348,0.531324 
0.352937,0.482859 
0.352936,0.426878 
0.352884,0.63559  
0.352867,0.597989 
0.352857,0.511832 
0.352844,0.381909 
0.352802,0.46845  
0.352788,0.610094 
0.352776,0.438391 
0.352724,0.555981 
0.352701,0.393468 
0.352683,0.396304 
0.352672,0.614399 
0.352635,0.360218 
0.352601,0.453456 
0.35253,0.564051  
0.352359,0.631944 
0.352342,0.645759 
0.352251,0.557566 
0.352201,0.650007 
0.352196,0.517791 
0.352187,0.576949 
0.35217,0.364665  
0.352165,0.51727  
0.352156,0.379508 
0.352051,0.367525 
0.351971,0.362203 
0.351969,0.634221 
0.35194,0.590287  
0.351885,0.514895 
0.351837,0.510317 
0.351827,0.401771 
0.351763,0.604989 
0.351641,0.597739 
0.351614,0.476357 
0.351547,0.622854 
0.351531,0.430321 
0.351442,0.584078 
0.351436,0.592834 
0.351375,0.63075  
0.351368,0.664181 
0.351335,0.640884 
0.351316,0.403555 
0.351306,0.360151 
0.351133,0.535062 
0.351086,0.601785 
0.351028,0.366844 
0.350994,0.370888 
0.350959,0.588041 
0.350929,0.577814 
0.350906,0.623192 
0.350817,0.600289 
0.350649,0.453698 
0.350643,0.608833 
0.350622,0.620321 
0.350575,0.608735 
0.350474,0.436543 
0.350309,0.36418  
0.350208,0.386774 
0.350153,0.561713 
0.350136,0.477768 
0.350117,0.353014 
0.3501,0.620452   
0.35006,0.456318  
0.35006,0.457077  
0.349938,0.416976 
0.349884,0.353905 
0.349846,0.620856 
0.349814,0.397096 
0.349786,0.354611 
0.349748,0.358893 
0.349747,0.555658 
0.349716,0.386926 
0.349695,0.572028 
0.349657,0.486313 
0.349612,0.444642 
0.349593,0.358472 
0.349579,0.354981 
0.349558,0.492959 
0.349483,0.372701 
0.349438,0.599519 
0.349416,0.597436 
0.349407,0.410948 
0.349368,0.364571 
0.34933,0.400365  
0.349323,0.557754 
0.349269,0.515184 
0.349258,0.349974 
0.34925,0.559194  
0.349247,0.435638 
0.349094,0.362159 
0.349023,0.563295 
0.349022,0.38102  
0.349004,0.408545 
0.348847,0.661015 
0.348803,0.652265 
0.348749,0.356353 
0.348733,0.406611 
0.348725,0.491324 
0.348697,0.484759 
0.348686,0.441142 
0.34867,0.651515  
0.348547,0.556317 
0.348544,0.363001 
0.348463,0.374658 
0.34833,0.46441   
0.348285,0.379589 
0.348276,0.602284 
0.34825,0.364221  
0.348151,0.532337 
0.348147,0.435934 
0.348082,0.610675 
0.347989,0.365835 
0.347928,0.353568 
0.347925,0.360695 
0.347845,0.52155  
0.347799,0.403597 
0.347742,0.431988 
0.347667,0.594611 
0.347555,0.354773 
0.347468,0.530996 
0.347468,0.4378   
0.347447,0.636303 
0.347389,0.462611 
0.34737,0.350996  
0.347368,0.385382 
0.347346,0.649356 
0.34731,0.5627    
0.347282,0.446608 
0.347206,0.600841 
0.347181,0.375023 
0.347104,0.468971 
0.347083,0.384959 
0.347058,0.364855 
0.347039,0.393494 
0.347033,0.633724 
0.347026,0.373506 
0.34701,0.385904  
0.346893,0.424801 
0.346859,0.358193 
0.346699,0.419921 
0.346664,0.457385 
0.346633,0.583932 
0.346619,0.507786 
0.346571,0.518198 
0.346562,0.489773 
0.346543,0.607737 
0.346409,0.41702  
0.346369,0.373032 
0.346334,0.352469 
0.34633,0.641945  
0.34625,0.45175   
0.346192,0.36675  
0.346076,0.370071 
0.346028,0.358127 
0.34599,0.398362  
0.345905,0.348338 
0.345876,0.357984 
0.345747,0.601487 
0.345738,0.352679 
0.345539,0.408322 
0.345524,0.625292 
0.345458,0.592042 
0.34545,0.580278  
0.345347,0.347073 
0.345292,0.389639 
0.345264,0.414576 
0.345226,0.670378 
0.345173,0.432354 
0.345137,0.445339 
0.345081,0.435523 
0.345072,0.548141 
0.345055,0.482178 
0.345046,0.346782 
0.34504,0.581979  
0.345001,0.471991 
0.344949,0.621164 
0.344942,0.355529 
0.344918,0.401408 
0.344818,0.596082 
0.344815,0.622297 
0.344778,0.666108 
0.344751,0.506768 
0.344694,0.412395 
0.344694,0.437875 
0.344601,0.386561 
0.344497,0.34583  
0.344432,0.391166 
0.344382,0.534689 
0.344291,0.631746 
0.344272,0.373326 
0.34413,0.42708   
0.344112,0.598377 
0.344096,0.425554 
0.344069,0.661105 
0.344051,0.377374 
0.344009,0.650853 
0.343999,0.624045 
0.343989,0.557569 
0.343965,0.438423 
0.343904,0.378341 
0.343825,0.456702 
0.343759,0.659716 
0.343741,0.592244 
0.343666,0.452828 
0.343644,0.55526  
0.343614,0.648215 
0.343564,0.434258 
0.343482,0.400205 
0.343364,0.388997 
0.343216,0.599946 
0.343136,0.39342  
0.343135,0.486507 
0.343129,0.372523 
0.343082,0.646482 
0.343015,0.663374 
0.343003,0.568584 
0.342986,0.418321 
0.342965,0.502611 
0.342919,0.359605 
0.342696,0.370587 
0.342675,0.372434 
0.342667,0.518684 
0.342633,0.3686   
0.342326,0.386109 
0.342131,0.503997 
0.342093,0.534109 
0.34209,0.650263  
0.342085,0.393267 
0.34208,0.358115  
0.342051,0.463631 
0.34202,0.385181  
0.341945,0.343722 
0.341929,0.476247 
0.341918,0.451504 
0.341908,0.402027 
0.341841,0.546115 
0.341823,0.396011 
0.341801,0.350415 
0.341786,0.54259  
0.341704,0.357673 
0.341678,0.398778 
0.341655,0.386629 
0.341646,0.351285 
0.341637,0.498112 
0.341628,0.410355 
0.341378,0.396723 
0.341263,0.430868 
0.341227,0.579034 
0.341143,0.574274 
0.341046,0.431421 
0.340997,0.451712 
0.340991,0.648586 
0.340758,0.356364 
0.340729,0.409184 
0.340712,0.429551 
0.340584,0.494205 
0.340568,0.61833  
0.340542,0.619098 
0.340335,0.372384 
0.340306,0.501221 
0.340109,0.659181 
0.340092,0.626336 
0.339873,0.399407 
0.339845,0.354356 
0.339791,0.394689 
0.33972,0.376682  
0.339581,0.422791 
0.339488,0.394135 
0.339332,0.638872 
0.339221,0.58278  
0.339182,0.416107 
0.339151,0.431108 
0.339087,0.394867 
0.339033,0.409134 
0.338958,0.348282 
0.338936,0.659983 
0.338868,0.375182 
0.338827,0.439056 
0.338779,0.4879   
0.338692,0.469551 
0.338624,0.418415 
0.338605,0.5047   
0.338602,0.515865 
0.33844,0.361952  
0.338313,0.562595 
0.338312,0.617848 
0.338259,0.423188 
0.3382,0.3609     
0.338037,0.38637  
0.338019,0.38102  
0.337953,0.5926   
0.337949,0.430513 
0.337875,0.354081 
0.337847,0.370964 
0.337754,0.483699 
0.337748,0.518941 
0.337641,0.646152 
0.337618,0.41339  
0.337575,0.654874 
0.337565,0.384688 
0.337491,0.404001 
0.337376,0.641829 
0.337371,0.551702 
0.337295,0.509014 
0.337215,0.344349 
0.337106,0.36124  
0.3371,0.540116   
0.337098,0.41275  
0.337063,0.458813 
0.337041,0.572458 
0.336902,0.542724 
0.336901,0.354587 
0.336891,0.623478 
0.336754,0.642985 
0.336721,0.56898  
0.336642,0.365306 
0.33663,0.42989   
0.336627,0.400621 
0.336496,0.363656 
0.336445,0.373955 
0.336302,0.446219 
0.336299,0.538659 
0.336299,0.342015 
0.336294,0.647879 
0.335755,0.584982 
0.335734,0.414643 
0.335536,0.416234 
0.335524,0.411804 
0.335459,0.338146 
0.335446,0.474144 
0.335392,0.67451  
0.33535,0.336058  
0.335342,0.424861 
0.335274,0.418975 
0.335254,0.349816 
0.335141,0.561487 
0.33502,0.55677   
0.334895,0.475686 
0.334892,0.362709 
0.334891,0.391458 
0.334829,0.420171 
0.334723,0.374983 
0.334402,0.617879 
0.334389,0.607273 
0.334325,-1         
0.334057,0.530237 
0.333906,0.60456  
0.333804,0.359135 
0.333572,-1         
0.333521,0.634616 
0.333502,0.37542  
0.33343,0.440321  
0.333372,0.507056 
0.33335,0.406266  
0.333146,0.338229 
0.333062,0.44479  
0.332899,0.462717 
0.332888,0.509143 
0.332868,0.341433 
0.332833,0.649206 
0.33277,0.346762  
0.332753,0.431409 
0.332734,0.435686 
0.332695,0.378611 
0.332484,0.36435  
0.332437,0.470318 
0.332362,0.3755   
0.332345,0.399062 
0.332344,0.414566 
0.332234,0.458208 
0.332221,0.351016 
0.33206,0.535282  
0.332037,0.648059 
0.332017,0.369919 
0.332006,0.511778 
0.331939,0.363188 
0.33181,0.572459  
0.331795,0.472892 
0.331755,0.365734 
0.331753,0.34971  
0.33172,0.485387  
0.331689,0.568328 
0.331633,0.365161 
0.331602,0.510192 
0.331601,0.339741 
0.331587,0.41965  
0.331499,0.641388 
0.331483,0.491633 
0.331447,0.364499 
0.33136,0.476417  
0.331334,0.360847 
0.331266,0.469981 
0.331117,0.383032 
0.331092,0.403581 
0.331039,0.625757 
0.331016,0.372907 
0.330984,0.350154 
0.33092,0.356916  
0.330797,0.347504 
0.330728,0.369155 
0.330664,0.381036 
0.330556,0.367496 
0.330517,0.402735 
0.330515,0.489756 
0.330457,0.358908 
0.330443,0.368229 
0.330374,0.519487 
0.330282,0.387525 
0.330214,0.344923 
0.330049,0.642811 
0.330027,0.488368 
0.329974,0.420404 
0.329971,0.649987 
0.32975,0.524436  
0.329695,0.352435 
0.32954,0.393168  
0.329465,0.361651 
0.329458,0.632667 
0.329419,0.455495 
0.329356,0.406311 
0.329205,0.343184 
0.328682,0.340783 
0.328529,0.346499 
0.328241,0.537656 
0.328151,0.430463 
0.328116,0.361328 
0.328075,0.34514  
0.328013,0.455076 
0.327821,0.421526 
0.327735,0.354386 
0.32761,0.545073  
0.32761,0.357638  
0.327529,0.344275 
0.327518,0.340812 
0.327476,0.381915 
0.327423,0.355766 
0.327413,0.33632  
0.327389,0.335018 
0.327327,0.47236  
0.327164,0.342898 
0.327159,0.343288 
0.326794,0.327694 
0.326707,0.428178 
0.326612,0.350574 
0.326338,0.361952 
0.326323,0.369744 
0.326277,0.360144 
0.326233,0.390776 
0.326036,0.584493 
0.325942,0.408849 
0.3257,0.424475   
0.325645,0.335886 
0.32564,0.339427  
0.325566,0.351317 
0.325499,0.383874 
0.325412,0.375644 
0.325321,0.452486 
0.325268,0.340749 
0.325228,0.35197  
0.325178,0.330286 
0.325118,0.561689 
0.324943,0.357029 
0.324915,0.397196 
0.324845,0.571188 
0.32457,0.36633   
0.324546,0.399619 
0.324498,0.393728 
0.324273,0.457163 
0.323905,0.366981 
0.323856,0.647539 
0.323692,0.405399 
0.323652,0.440754 
0.323643,0.383766 
0.323623,0.336707 
0.32348,0.371059  
0.32345,0.337304  
0.323381,0.345113 
0.32326,0.574425  
0.32314,0.529913  
0.322978,0.559268 
0.322968,0.333963 
0.322814,0.326215 
0.322632,0.567851 
0.322518,0.403467 
0.322414,0.331748 
0.322351,0.430657 
0.322335,0.324055 
0.322273,0.338418 
0.322242,0.329793 
0.321871,0.448237 
0.321844,0.335861 
0.321776,0.34525  
0.321406,0.335302 
0.321363,0.328748 
0.321315,0.406188 
0.321311,0.371059 
0.321197,0.393035 
0.321145,0.477929 
0.321048,0.466789 
0.320991,0.422818 
0.32082,0.374401  
0.320512,0.34041  
0.320274,0.321882 
0.320142,0.358622 
0.320123,0.348443 
0.320098,0.378275 
0.319945,0.380671 
0.319815,0.334245 
0.319699,0.40922  
0.319603,0.350692 
0.31948,0.334542  
0.319122,0.330102 
0.319077,0.525633 
0.318876,0.388651 
0.318785,0.325975 
0.318749,0.349137 
0.318626,0.419229 
0.318617,0.445692 
0.318554,0.369755 
0.318494,0.509076 
0.318487,0.361889 
0.318486,0.355483 
0.318467,0.368656 
0.318337,0.377028 
0.318213,0.335894 
0.318187,0.48196  
0.317939,0.348775 
0.317833,0.443085 
0.317518,0.329265 
0.317339,0.318085 
0.317327,0.347775 
0.316835,0.417087 
0.316574,0.525434 
0.316565,0.405089 
0.316565,0.361862 
0.31655,0.43499   
0.31621,0.345988  
0.315812,0.326703 
0.315802,0.375091 
0.315663,0.500253 
0.31553,0.348838  
0.315507,0.323924 
0.315255,0.38029  
0.31525,0.316574  
0.315203,0.32832  
0.315074,0.341057 
0.315024,0.346504 
0.315001,0.605169 
0.314995,0.439556 
0.314829,0.45171  
0.314578,0.447821 
0.314467,0.443663 
0.314393,0.354001 
0.313957,0.335544 
0.313915,0.354907 
0.313781,0.31822  
0.31376,0.418535  
0.313694,0.345277 
0.313486,0.37981  
0.313261,0.44179  
0.313161,0.460295 
0.313057,0.424487 
0.313054,0.39433  
0.313026,0.366049 
0.31288,0.530083  
0.312826,0.347956 
0.312563,0.341054 
0.312297,0.48309  
0.312012,0.331302 
0.311962,0.317572 
0.31142,0.332229  
0.311359,0.328035 
0.311277,0.355725 
0.311218,0.345487 
0.311215,0.362274 
0.311098,0.440426 
0.31098,0.345298  
0.310948,0.325015 
0.310846,0.344511 
0.310796,0.332329 
0.310622,0.384439 
0.310416,0.338512 
0.310283,0.353603 
0.310249,0.33007  
0.310186,0.326308 
0.310155,0.320216 
0.309908,0.353041 
0.309691,0.345584 
0.309619,0.332375 
0.309409,0.333455 
0.309374,0.551919 
0.30929,0.519569  
0.309221,0.327853 
0.308789,0.363238 
0.308701,0.314925 
0.308692,0.313218 
0.308644,0.32166  
0.308428,0.333369 
0.308258,0.319726 
0.308165,0.327763 
0.308034,0.456967 
0.308021,0.333296 
0.307616,0.317398 
0.307533,0.363782 
0.307525,0.412394 
0.307362,0.400554 
0.306984,0.359513 
0.306651,0.359795 
0.306619,0.401363 
0.305966,0.353631 
0.305484,0.396222 
0.305179,0.387388 
0.305172,0.331937 
0.305164,0.30578  
0.305125,0.419371 
0.30487,0.367542  
0.304756,0.419038 
0.304242,0.370915 
0.30403,0.337706  
0.303961,0.317834 
0.303828,0.356372 
0.303747,0.380148 
0.30353,0.31616   
0.303012,0.345581 
0.303011,0.337339 
0.30296,0.424927  
0.302847,0.55912  
0.302686,0.328893 
0.302499,0.424727 
0.302234,0.3294   
0.30182,0.303791  
0.301584,0.343253 
0.301568,0.309716 
0.301493,0.346504 
0.301468,0.343443 
0.301385,0.339308 
0.301297,0.377724 
0.300976,0.413794 
0.300852,0.406778 
0.300776,0.376907 
0.30073,0.303961  
0.300661,0.449666 
0.300425,0.565185 
0.300335,0.381149 
0.299871,0.327755 
0.29942,0.323699  
0.298829,0.3535   
0.298803,0.350506 
0.298782,0.310513 
0.298681,0.33942  
0.298563,0.327079 
0.298507,0.334402 
0.29762,0.331787  
0.29761,0.368155  
0.297545,0.30101  
0.297225,0.321745 
0.296745,0.318873 
0.296436,0.487253 
0.296354,0.370984 
0.296149,0.358858 
0.296071,0.302634 
0.296043,0.316628 
0.295838,0.350886 
0.295445,0.353455 
0.295368,0.311772 
0.294827,0.410589 
0.294682,0.297349 
0.294438,0.319885 
0.294423,0.365177 
0.294258,0.355483 
0.293948,0.324056 
0.293701,0.456943 
0.293539,0.453856 
0.293523,0.319911 
0.293397,0.302718 
0.29311,0.302502  
0.292977,0.393839 
0.29278,0.301478  
0.292779,0.317137 
0.292687,0.304552 
0.292353,0.31533  
0.292302,0.330059 
0.292136,0.355436 
0.292044,0.396942 
0.292003,0.396053 
0.29182,0.310763  
0.291513,0.291866 
0.291342,0.422961 
0.291305,0.354861 
0.291267,0.304113 
0.290872,0.335226 
0.290605,0.312681 
0.290602,0.344249 
0.29051,0.301507  
0.290373,0.388095 
0.29,0.322949     
0.289865,0.359458 
0.289732,0.313443 
0.289443,0.303521 
0.289217,0.301869 
0.288615,0.292568 
0.288186,0.331443 
0.288143,0.314988 
0.288132,0.439063 
0.288012,0.326482 
0.287891,0.324183 
0.287771,0.369423 
0.287333,0.310961 
0.287313,0.345983 
0.286947,0.322056 
0.286893,0.305287 
0.286762,0.306829 
0.286049,0.324937 
0.285964,0.297114 
0.285472,0.462418 
0.285287,0.330733 
0.285228,0.300239 
0.284597,0.350086 
0.284109,0.289803 
0.284096,0.303048 
0.284078,0.309099 
0.284036,0.323723 
0.284031,0.306065 
0.283999,0.294356 
0.283891,0.322992 
0.28375,0.32762   
0.283721,0.301494 
0.283652,0.284325 
0.283296,0.294388 
0.283285,0.30136  
0.282748,0.373369 
0.282642,0.292422 
0.282546,0.284603 
0.282353,0.314676 
0.28152,0.300173  
0.281457,0.292604 
0.281296,0.3371   
0.280967,0.298701 
0.280751,0.356044 
0.280633,0.289414 
0.279956,0.30801  
0.279843,0.360429 
0.279843,0.347894 
0.279829,0.4021   
0.279782,0.296413 
0.279039,0.319609 
0.278855,0.351499 
0.278625,0.315925 
0.278576,0.385701 
0.278386,0.301966 
0.2773,0.318456   
0.27727,0.304736  
0.277039,0.334853 
0.277025,0.353646 
0.276917,0.282919 
0.276837,0.373211 
0.276613,0.302154 
0.276489,0.27933  
0.276201,0.312324 
0.276043,0.344146 
0.276028,0.43417  
0.275691,0.330583 
0.275522,0.314977 
0.275396,0.286741 
0.275183,0.347689 
0.274399,0.378378 
0.274305,0.326606 
0.274202,0.280328 
0.273764,0.320761 
0.27305,0.357267  
0.273001,0.341233 
0.272562,0.273092 
0.271806,0.284637 
0.271744,0.30852  
0.270808,0.313224 
0.270698,0.286781 
0.269828,0.302993 
0.26943,0.284133  
0.268813,0.283969 
0.26857,0.287855  
0.268367,0.282353 
0.26771,0.298263  
0.267571,0.327501 
0.267341,0.268021 
0.266706,0.28317  
0.265575,0.330324 
0.264905,0.282505 
0.264782,0.292456 
0.263509,0.275718 
0.263447,0.266504 
0.262994,0.263961 
0.262911,0.290904 
0.261611,0.282195 
0.260845,0.322534 
0.26076,0.299023  
0.260535,0.323303 
0.260324,0.280288 
0.258752,0.265793 
0.258512,0.318145 
0.257462,0.281807 
0.255864,0.256463 
0.25575,0.269001  
0.255701,0.283409 
0.255054,0.276977 
0.254632,0.272667 
0.253545,0.272623 
0.250953,0.273462 
0.250446,0.253289 
0.25002,0.265788  
0.249425,0.252424 
0.24931,0.260701  
0.24698,0.277561  
0.243579,0.25478  
0.243261,0.258653 
0.240641,0.253772 
0.239818,0.260739 
0.238908,0.240288 
0.2388,0.245694   
0.236512,0.245337 
0.236468,0.254298 
0.235481,0.277702 
0.234733,0.249323 
0.233427,0.257084 
0.232411,0.240645 
0.232121,0.234569 
0.23023,0.244878  
0.228316,0.240303 
0.228028,0.25773  
0.22623,0.255864  
0.225982,0.256967 
0.224833,0.24295  
0.22279,0.291972  
0.222773,0.240535 
0.22226,0.227777  
0.221762,0.269543 
0.220341,0.234207 
0.214764,0.219826 
0.211936,0.218774 
0.209825,0.232064 
0.208833,0.236385 
0.200602,0.250394 
0.19795,0.23311   
0.19607,0.213713  
0.194706,0.248355 
0.190253,0.202572 
0.186644,0.217393 
0.161688,0.16234  
0.161511,0.199791 
