 0.07017,0.07103 
 0.06761,0.0711  
 0.06577,0.06876 
 0.06566,0.07203 
 0.06508,0.06693 
 0.0641,0.06497  
 0.06391,0.06577 
 0.06364,0.06501 
 0.06358,0.06372 
 0.0633,0.0634   
 0.06299,0.06369 
 0.06291,0.06537 
 0.06288,0.06519 
 0.06217,0.06661 
 0.06214,0.06313 
 0.06174,0.06539 
 0.06165,0.06203 
 0.06157,0.06164 
 0.06135,0.06179 
 0.06093,0.06237 
 0.06073,0.06287 
 0.06067,0.06641 
 0.06027,0.06296 
 0.06013,0.06078 
 0.06012,0.06176 
 0.06007,0.06111 
 0.05992,0.06026 
 0.05957,0.06259 
 0.05926,0.06179 
 0.05901,0.0629  
 0.05895,0.06032 
 0.05874,0.06165 
 0.05864,0.06006 
 0.05864,0.06006 
 0.05863,0.05922 
 0.05841,0.06644 
 0.0581,0.06069  
 0.05793,0.06045 
 0.05774,0.06    
 0.05769,0.06244 
 0.05748,0.05775 
 0.05726,0.0617  
 0.05722,0.06213 
 0.05719,0.06052 
 0.05713,0.05793 
 0.05651,0.05778 
 0.05649,0.05774 
 0.05646,0.05989 
 0.05645,0.05805 
 0.05627,0.05637 
 0.05621,0.05945 
 0.05614,0.06088 
 0.05606,0.06176 
 0.05579,0.05604 
 0.05565,0.05826 
 0.05564,0.05617 
 0.05534,0.05863 
 0.055,0.05659   
 0.05484,0.05487 
 0.05468,0.06116 
 0.05451,0.05485 
 0.0545,0.05548  
 0.05448,0.05575 
 0.05447,0.05545 
 0.05439,0.061   
 0.05436,0.05802 
 0.05435,0.05805 
 0.05429,0.05431 
 0.05425,0.05899 
 0.05423,0.05606 
 0.05421,0.05422 
 0.05409,0.06045 
 0.05377,0.05572 
 0.05366,0.05392 
 0.05355,0.06102 
 0.05346,0.05441 
 0.05332,0.05561 
 0.0533,0.05388  
 0.05313,0.05411 
 0.05294,0.05378 
 0.05288,0.05541 
 0.05264,0.05799 
 0.05261,0.05461 
 0.0526,0.05388  
 0.05259,0.05288 
 0.05259,0.05288 
 0.05252,0.0554  
 0.05237,0.05572 
 0.05237,0.05388 
 0.05233,0.05269 
 0.0523,0.05518  
 0.05211,0.055   
 0.05206,0.05998 
 0.0519,0.053    
 0.05188,0.05268 
 0.05188,0.05357 
 0.05187,0.05281 
 0.05166,0.05212 
 0.05158,0.05403 
 0.05141,0.05146 
 0.05139,0.0521  
 0.05134,0.0518  
 0.05115,0.05529 
 0.0511,0.05207  
 0.05107,0.0537  
 0.05099,0.05222 
 0.05096,0.05174 
 0.05076,0.05151 
 0.05075,0.05112 
 0.05071,0.05088 
 0.05067,0.05229 
 0.05062,0.05083 
 0.05061,0.05175 
 0.05054,0.05444 
 0.05025,0.05067 
 0.05021,0.05101 
 0.05013,0.05055 
 0.05009,0.05468 
 0.05005,0.05194 
 0.05002,0.05062 
 0.04997,0.05089 
 0.04996,0.05055 
 0.04977,0.05212 
 0.04963,0.05013 
 0.04963,0.05135 
 0.04962,0.05024 
 0.04962,0.05084 
 0.04958,0.04987 
 0.04957,0.05334 
 0.04949,0.0502  
 0.04948,0.05731 
 0.04944,0.04999 
 0.04944,0.05246 
 0.0494,0.05125  
 0.04932,0.05348 
 0.04927,0.04956 
 0.04927,0.05116 
 0.04924,0.05415 
 0.04922,0.04937 
 0.04916,0.05081 
 0.04914,0.05102 
 0.04912,0.04988 
 0.04903,0.04929 
 0.04901,0.05131 
 0.049,0.05018   
 0.04889,0.05048 
 0.04885,0.05229 
 0.04885,0.0546  
 0.04879,0.05025 
 0.04878,0.05081 
 0.04878,0.05108 
 0.04874,0.05101 
 0.04873,0.05008 
 0.04871,0.04893 
 0.0487,0.05037  
 0.0487,0.05193  
 0.04868,0.05112 
 0.04865,0.04952 
 0.04865,0.05335 
 0.04862,0.05135 
 0.04856,0.04961 
 0.04855,0.04929 
 0.04849,0.05181 
 0.04839,0.05086 
 0.04838,0.04972 
 0.0483,0.04934  
 0.04824,0.04901 
 0.04822,0.04918 
 0.04818,0.04826 
 0.04817,0.04974 
 0.04809,0.04995 
 0.04809,0.05084 
 0.04808,0.05571 
 0.04808,0.05226 
 0.04808,0.0483  
 0.04808,0.04934 
 0.04808,0.05001 
 0.048,0.05013   
 0.048,0.04996   
 0.04799,0.05031 
 0.04798,0.04819 
 0.04792,0.04813 
 0.04788,0.04827 
 0.04784,0.0513  
 0.04781,0.05094 
 0.04778,0.0483  
 0.04771,0.04882 
 0.0477,0.05082  
 0.0477,0.04934  
 0.04768,0.04939 
 0.04767,0.04952 
 0.04764,0.05031 
 0.04764,0.04897 
 0.04759,0.04911 
 0.04746,0.04925 
 0.04737,0.0524  
 0.04737,0.05367 
 0.04735,0.04854 
 0.04734,0.04858 
 0.04722,0.05123 
 0.04722,0.04921 
 0.04716,0.04874 
 0.04708,0.04889 
 0.04705,0.04903 
 0.04693,0.05005 
 0.04691,0.05074 
 0.04688,0.0478  
 0.04687,0.04854 
 0.04687,0.04868 
 0.04675,0.04729 
 0.04669,0.0481  
 0.04668,0.05159 
 0.04664,0.04743 
 0.04663,0.04948 
 0.04663,0.04814 
 0.04655,0.04745 
 0.04649,0.04833 
 0.04648,0.05127 
 0.0464,0.05048  
 0.04635,0.04659 
 0.04626,0.051   
 0.04624,0.04968 
 0.04618,0.047   
 0.04618,0.04818 
 0.04615,0.05109 
 0.04614,0.05076 
 0.0461,0.05376  
 0.04605,0.04727 
 0.04604,0.04719 
 0.04604,0.04897 
 0.04603,0.05012 
 0.04602,0.04834 
 0.046,0.04637   
 0.04598,0.04786 
 0.04596,0.0488  
 0.04594,0.04625 
 0.04594,0.04618 
 0.04589,0.04823 
 0.04587,0.04723 
 0.04583,0.04905 
 0.04578,0.04646 
 0.04572,0.04727 
 0.04568,0.04626 
 0.04565,0.04919 
 0.04559,0.05011 
 0.04559,0.04659 
 0.04555,0.0513  
 0.04552,0.0484  
 0.0455,0.04904  
 0.04546,0.04797 
 0.04546,0.04784 
 0.04543,0.04613 
 0.04539,0.04981 
 0.04537,0.04591 
 0.04531,0.04614 
 0.04522,0.04546 
 0.04521,0.04893 
 0.04519,0.04564 
 0.04519,0.04885 
 0.04518,0.04759 
 0.04517,0.04925 
 0.04514,0.04575 
 0.04511,0.04531 
 0.04508,0.05207 
 0.04508,0.05277 
 0.04501,0.04616 
 0.045,0.04651   
 0.04495,0.04542 
 0.04492,0.04517 
 0.04491,0.05706 
 0.04491,0.04735 
 0.04481,0.04519 
 0.04481,0.04498 
 0.04479,0.04983 
 0.04474,0.04625 
 0.04473,0.04834 
 0.04471,0.04961 
 0.04471,0.04795 
 0.0447,0.04509  
 0.04466,0.04654 
 0.0446,0.04532  
 0.0446,0.04696  
 0.04459,0.04705 
 0.04459,0.0461  
 0.04458,0.04512 
 0.04457,0.04503 
 0.04444,0.04789 
 0.04443,0.04696 
 0.04437,0.04979 
 0.04434,0.04479 
 0.04429,0.04712 
 0.04426,0.0514  
 0.04423,0.0464  
 0.04423,0.0464  
 0.04421,0.04517 
 0.04421,0.04744 
 0.0442,0.04582  
 0.04419,0.04786 
 0.04418,0.04772 
 0.04418,0.04723 
 0.04415,0.04479 
 0.04408,0.04558 
 0.04406,0.04481 
 0.04403,0.05217 
 0.04401,0.04404 
 0.04399,0.048   
 0.04399,0.04466 
 0.04394,0.04479 
 0.04389,0.04501 
 0.04388,0.04889 
 0.04387,0.04548 
 0.04384,0.04605 
 0.04381,0.04404 
 0.04381,0.04608 
 0.04381,0.04563 
 0.04378,0.04417 
 0.04374,0.0442  
 0.04373,0.04404 
 0.04372,0.04453 
 0.04372,0.04604 
 0.04369,0.04451 
 0.04368,0.04739 
 0.04365,0.04564 
 0.04362,0.04411 
 0.04361,0.0437  
 0.04358,0.04456 
 0.04354,0.04742 
 0.04352,0.04382 
 0.04348,0.04674 
 0.04346,0.04472 
 0.04342,0.04985 
 0.04341,0.04374 
 0.04339,0.04474 
 0.04333,0.04604 
 0.04333,0.04461 
 0.04331,0.04636 
 0.0433,0.04648  
 0.04328,0.04727 
 0.04327,0.04472 
 0.04327,0.04503 
 0.04324,0.04632 
 0.04318,0.04565 
 0.04315,0.04421 
 0.04308,0.04605 
 0.04307,0.04495 
 0.04307,0.04404 
 0.04306,0.04529 
 0.04306,0.04754 
 0.04306,0.04344 
 0.04304,0.04525 
 0.04304,0.04604 
 0.04302,0.04417 
 0.04302,0.04308 
 0.04301,0.04563 
 0.04293,0.04501 
 0.04291,0.04892 
 0.04289,0.04337 
 0.04285,0.04761 
 0.04282,0.04332 
 0.04281,0.04317 
 0.04278,0.04323 
 0.04278,0.04297 
 0.04274,0.04467 
 0.04273,0.04575 
 0.04268,0.05088 
 0.04267,0.04457 
 0.04266,0.04813 
 0.04264,0.05078 
 0.04264,0.04421 
 0.04258,0.04417 
 0.04254,0.04698 
 0.04253,0.04298 
 0.04251,0.04322 
 0.04251,0.04458 
 0.0425,0.04331  
 0.0425,0.04316  
 0.04247,0.0436  
 0.04244,0.04423 
 0.04244,0.04252 
 0.04243,0.05033 
 0.0424,0.04382  
 0.04235,0.04263 
 0.04231,0.04444 
 0.04231,0.04498 
 0.0423,0.04882  
 0.04229,0.0427  
 0.04223,0.04682 
 0.0422,0.04235  
 0.04218,0.04239 
 0.04208,0.04833 
 0.04203,0.04273 
 0.04201,0.04495 
 0.04201,0.04696 
 0.04197,0.04645 
 0.04186,0.04525 
 0.04186,0.04461 
 0.04179,0.04316 
 0.04179,0.04595 
 0.04176,0.04485 
 0.04174,0.04259 
 0.04174,0.04294 
 0.04174,0.04294 
 0.04173,0.04283 
 0.0417,0.04532  
 0.04169,0.04525 
 0.04169,0.04558 
 0.0416,0.04363  
 0.04155,0.04172 
 0.04152,0.04171 
 0.04152,0.04514 
 0.0415,0.04512  
 0.0415,0.04576  
 0.04149,0.04336 
 0.04143,0.04429 
 0.04142,0.05094 
 0.04135,0.04194 
 0.04133,0.04252 
 0.04131,0.04429 
 0.04121,0.04175 
 0.04121,0.04214 
 0.04121,0.04169 
 0.04118,0.04204 
 0.04116,0.04747 
 0.04115,0.04259 
 0.04113,0.04353 
 0.04113,0.04527 
 0.04104,0.04267 
 0.04104,0.0449  
 0.04102,0.04197 
 0.041,0.04313   
 0.04098,0.04618 
 0.04095,0.04159 
 0.04095,0.04248 
 0.04091,0.0417  
 0.04085,0.04297 
 0.04077,0.04543 
 0.04075,0.04189 
 0.04069,0.04229 
 0.04069,0.04254 
 0.04064,0.04754 
 0.0406,0.04527  
 0.04056,0.0436  
 0.04056,0.04169 
 0.04054,0.04069 
 0.04054,0.04074 
 0.04052,0.04093 
 0.04048,0.04294 
 0.04048,0.04347 
 0.04035,0.04288 
 0.04034,0.04427 
 0.04029,0.04322 
 0.04029,0.04448 
 0.04027,0.0417  
 0.04024,0.04154 
 0.04019,0.04033 
 0.04016,0.04273 
 0.04014,0.0442  
 0.04013,0.04121 
 0.04012,0.04421 
 0.04002,0.04041 
 0.03999,0.04001 
 0.03998,0.04662 
 0.03998,0.04208 
 0.03992,0.04455 
 0.03986,0.04281 
 0.03985,0.04165 
 0.03984,0.0414  
 0.03984,0.04407 
 0.03975,0.04309 
 0.03969,0.0404  
 0.03968,0.04057 
 0.03964,0.04245 
 0.03963,0.04303 
 0.0396,0.04106  
 0.03959,0.04188 
 0.03955,0.04239 
 0.0395,0.04001  
 0.03947,0.04421 
 0.03946,0.03965 
 0.03946,0.04246 
 0.03946,0.04165 
 0.03938,0.04099 
 0.03934,0.04081 
 0.03934,0.03968 
 0.0393,0.0409   
 0.03927,0.04323 
 0.03926,0.04191 
 0.03926,0.03932 
 0.03925,0.04187 
 0.03923,0.03964 
 0.03918,0.04254 
 0.0391,0.03918  
 0.0391,0.04163  
 0.03906,0.04085 
 0.03906,0.04461 
 0.03905,0.03934 
 0.03904,0.04106 
 0.03902,0.04158 
 0.03901,0.04322 
 0.03897,0.0403  
 0.03896,0.04591 
 0.03888,0.04459 
 0.03864,0.03909 
 0.03862,0.04199 
 0.03859,0.03994 
 0.03859,0.0422  
 0.03855,0.03941 
 0.03852,0.0426  
 0.03845,0.03884 
 0.0384,0.04007  
 0.0384,0.04156  
 0.03834,0.04458 
 0.03823,0.04297 
 0.03818,0.04121 
 0.03815,0.04119 
 0.03812,0.04347 
 0.03812,0.04386 
 0.0381,0.03923  
 0.0381,0.03917  
 0.03805,0.03892 
 0.03803,0.03868 
 0.03803,0.03909 
 0.03803,0.04438 
 0.03803,0.03886 
 0.03803,0.04056 
 0.03797,0.03893 
 0.03793,0.03965 
 0.03793,0.04343 
 0.03792,0.03917 
 0.03789,0.03876 
 0.03787,0.03909 
 0.03785,0.03876 
 0.03783,0.04308 
 0.03781,0.03994 
 0.03781,0.043   
 0.03778,0.03994 
 0.03777,0.03963 
 0.03773,0.03893 
 0.03772,0.04018 
 0.03769,0.03929 
 0.03769,0.04196 
 0.03769,0.0422  
 0.03767,0.0414  
 0.03763,0.03884 
 0.03763,0.04035 
 0.03762,0.03866 
 0.03761,0.04542 
 0.03758,0.03926 
 0.03754,0.04048 
 0.03752,0.04117 
 0.03752,0.03926 
 0.03736,0.03785 
 0.03736,0.04493 
 0.03734,0.03742 
 0.03729,0.04095 
 0.03727,0.04119 
 0.03725,0.0383  
 0.03721,0.0383  
 0.03716,0.03923 
 0.0369,0.04133  
 0.03688,0.03785 
 0.03685,0.03716 
 0.03684,0.03903 
 0.03682,0.03789 
 0.03676,0.04109 
 0.0367,0.03922  
 0.03669,0.03913 
 0.03667,0.03766 
 0.03652,0.03896 
 0.03652,0.03698 
 0.03625,0.03771 
 0.03619,0.03947 
 0.03617,0.03947 
 0.03611,0.03794 
 0.03608,0.03758 
 0.03608,0.04488 
 0.03607,0.03926 
 0.03598,0.04061 
 0.03597,0.03612 
 0.03594,0.04209 
 0.03578,0.0373  
 0.03535,0.03549 
 0.03532,0.03537 
 0.03528,0.03972 
 0.03523,0.03792 
 0.0352,0.03638  
 0.03517,0.03773 
 0.03515,0.03877 
 0.03508,0.04169 
 0.03507,0.03672 
 0.03507,0.03793 
 0.03506,0.03725 
 0.03505,0.03851 
 0.03503,0.03673 
 0.03503,0.0375  
 0.03497,0.04049 
 0.03491,0.03756 
 0.0349,0.03918  
 0.03487,0.03902 
 0.03479,0.03797 
 0.03479,0.03685 
 0.03478,0.03672 
 0.03468,0.03784 
 0.03456,0.0346  
 0.03455,0.03509 
 0.03454,0.0352  
 0.03442,0.03909 
 0.0344,0.03537  
 0.0343,0.03843  
 0.03424,0.03951 
 0.03421,0.03785 
 0.03418,0.03658 
 0.03403,0.04095 
 0.03399,0.03672 
 0.03396,0.04047 
 0.0339,0.03793  
 0.03381,0.04023 
 0.03374,0.03661 
 0.03374,0.03656 
 0.03373,0.03438 
 0.03367,0.03624 
 0.03366,0.03854 
 0.03366,0.0338  
 0.03361,0.03725 
 0.03361,0.0373  
 0.03347,0.03952 
 0.03346,0.03414 
 0.03323,0.0352  
 0.03323,0.03607 
 0.03319,0.0346  
 0.03313,0.0334  
 0.03306,0.03605 
 0.03306,0.035   
 0.03294,0.03463 
 0.03285,0.03577 
 0.0327,0.03277  
 0.03269,0.03906 
 0.03268,0.03326 
 0.03264,0.03667 
 0.03214,0.0344  
 0.03204,0.03894 
 0.03179,0.03598 
 0.03104,0.03367 
 0.03068,0.03141 
 0.03067,0.03495 
 0.03042,0.03326 
 0.03032,0.03264 
 0.02995,0.03331 
 0.02994,0.03197 
 0.02992,0.0327  
 0.02959,0.03284 
 0.02952,0.03414 
 0.0289,0.03063  
 0.02857,0.03116 
 0.02751,0.02766 
 0.02675,0.03353 
 0.02636,0.03139 
 0.0262,0.0264   
