0.88861,0.915135  
0.876925,0.934177 
0.850531,0.870115 
0.847421,0.876184 
0.844754,0.916406 
0.839997,0.901429 
0.838117,0.840941 
0.837582,0.843228 
0.835331,0.840894 
0.833666,0.913993 
0.827581,0.853527 
0.827513, -1        
0.826337,0.868656 
0.824058,0.881283 
0.822709,0.871956 
0.822709,0.884237 
0.8222,0.873235   
0.821813,0.845157 
0.816969,0.860998 
0.815739,0.854214 
0.815296,0.816977 
0.81457,0.826748  
0.813756,0.907288 
0.813485,0.827427 
0.809728,0.88263  
0.80954,0.838781  
0.809099, -1        
0.808864,0.811913 
0.808326,0.815845 
0.807576,0.901221 
0.805854,0.825111 
0.805031,0.805986 
0.80459,0.8336    
0.803343,0.822437 
0.801871,0.816916 
0.799069,0.82456  
0.79643,0.802082  
0.795707,0.80331  
0.795576,0.839537 
0.795129,0.828847 
0.793645,0.802657 
0.793163,0.815761 
0.792899,0.826679 
0.791912,0.796907 
0.791188,0.848675 
0.790717,0.802657 
0.78889,0.824013  
0.78854,0.808675  
0.787663,0.823706 
0.78674,0.876787  
0.786033,0.886331 
0.785582,0.787285 
0.784761,0.79313  
0.784457,0.81964  
0.783715,0.796151 
0.783093,0.857507 
0.783077,0.833863 
0.782795,0.804369 
0.781893,0.791744 
0.779992,0.788374 
0.779364,0.82364  
0.779245,0.788004 
0.779215,0.818304 
0.779147,0.789888 
0.779022,0.806225 
0.778789,0.780178 
0.778198,0.780964 
0.77811,0.782507  
0.77749,0.915135  
0.777241,0.829103 
0.776847,0.804392 
0.776801,0.858713 
0.775296,0.775342 
0.77488,0.814977  
0.774483,0.795535 
0.774477,0.77602  
0.774467,0.833921 
0.774456,0.792298 
0.774429,0.799024 
0.774335,0.788368 
0.773224,0.775529 
0.772334,0.863347 
0.772317,0.790319 
0.772052,0.797097 
0.771994,0.785731 
0.771684,0.916199 
0.771196,0.780102 
0.770527,0.860024 
0.770457,0.780284 
0.769936,0.80195  
0.769852,0.78776  
0.769709,0.800455 
0.768696,0.810426 
0.768647,0.783647 
0.768592,0.829478 
0.768442,0.770731 
0.768386,0.797218 
0.767605,0.778252 
0.767245,0.790885 
0.766708,0.81984  
0.766656,0.768584 
0.766406,0.796807 
0.766239,0.771136 
0.764921,0.771981 
0.764525,0.776552 
0.763548,0.776825 
0.763473,0.821291 
0.763413,0.771762 
0.759572,0.793423 
0.759525,0.81927  
0.758849,0.830585 
0.758809,0.801283 
0.758584,0.786903 
0.757982,0.865525 
0.757799,0.816527 
0.757495,0.792686 
0.75749,0.825943  
0.757379,0.791923 
0.756876,0.775881 
0.756098,0.770134 
0.755832,0.928956 
0.755123,0.837528 
0.75505,0.774035  
0.754984,0.891306 
0.754386,0.767681 
0.754318,0.788141 
0.754265,0.786826 
0.753856,0.759636 
0.752686,0.753895 
0.752458,0.803446 
0.751847,0.769626 
0.75095,0.755499  
0.750477,0.827992 
0.750457,0.761194 
0.750313,0.84539  
0.750299,0.833565 
0.750295,0.754174 
0.750163,0.779593 
0.749072,0.851056 
0.748661,0.78224  
0.74857,0.781465  
0.748468,0.817247 
0.74787,0.759744  
0.747616,0.749387 
0.747037,0.833357 
0.746909,0.796734 
0.746697,0.780696 
0.74651,0.754671  
0.746316,0.808189 
0.745484,0.786314 
0.745004,0.752834 
0.744657,0.820619 
0.744441,0.78488  
0.744245,0.797296 
0.744032,0.748565 
0.743976,0.745165 
0.743834,0.831061 
0.743749,0.803977 
0.74334,0.761461  
0.743005,0.758022 
0.742865,0.857319 
0.742642,0.774744 
0.74243,0.747608  
0.74241,0.761612  
0.741689,0.780169 
0.741595,0.745368 
0.740895,0.756457 
0.740801,0.800072 
0.740587,0.754935 
0.740347,0.818167 
0.73999,0.81521   
0.739989,0.844545 
0.739192,0.800629 
0.738961,0.794297 
0.738865,0.776709 
0.738702,0.82127  
0.7379,0.762404   
0.73766,0.844654  
0.737084,0.756664 
0.736727,0.789239 
0.736394,0.769566 
0.736031,0.75755  
0.735741,0.783891 
0.735244,0.796747 
0.735197,0.75425  
0.734654,0.748928 
0.734535,0.793445 
0.734343,0.847655 
0.734339,0.759672 
0.734193,0.743181 
0.73417,0.744486  
0.734066,0.751695 
0.733966,0.782687 
0.733579,0.808217 
0.733438,0.798957 
0.733371,0.740191 
0.733308,0.779497 
0.733282,0.73352  
0.733171,0.747988 
0.733008,0.81111  
0.732976,0.750102 
0.732925,0.736992 
0.732802,0.81474  
0.732778,0.735424 
0.732398,0.749142 
0.73218,0.732363  
0.731799,0.90795  
0.731183,0.793186 
0.730974,0.740234 
0.729956,0.830395 
0.729327,0.739027 
0.729326,0.80607  
0.72873,0.730782  
0.728486,0.831911 
0.728276,0.72936  
0.72808,0.883742  
0.727966,0.732944 
0.727677,0.751814 
0.727546,0.730009 
0.727513,0.77589  
0.727513,0.787888 
0.727495,0.727607 
0.727401,0.755255 
0.727394,0.741624 
0.727303,0.755313 
0.72722,0.746622  
0.72712,0.74225   
0.727022,0.739156 
0.726571,0.78534  
0.726051,0.920066 
0.726032,0.742823 
0.726,0.780438    
0.725919,0.771091 
0.72588,0.759774  
0.725783,0.760563 
0.725484,0.751351 
0.725435,0.737822 
0.725228,0.806782 
0.724645,0.733227 
0.724063,0.730507 
0.723671,0.738354 
0.723533,0.759589 
0.723531,0.742107 
0.723429,0.764642 
0.723373,0.834107 
0.723122,0.919709 
0.723108,0.744427 
0.722179,0.750035 
0.722164,0.762395 
0.721925,0.769281 
0.721511,0.900141 
0.721502,0.750238 
0.721502,0.777044 
0.721287,0.722337 
0.721145,0.800259 
0.721128,0.724909 
0.72103,0.824519  
0.720577,0.770539 
0.720442,0.783271 
0.720313,0.808065 
0.720304,0.819145 
0.720215,0.765577 
0.720007,0.758178 
0.72,0.725436     
0.719773,0.728043 
0.719645,0.744977 
0.719524,0.77094  
0.719146,0.816134 
0.718961,0.752267 
0.718568,0.800911 
0.7182,0.739988   
0.718094,0.726722 
0.718022,0.754631 
0.717953,0.756941 
0.717547,0.882823 
0.717272,0.72     
0.717234,0.805147 
0.717032,0.809827 
0.717003,0.760609 
0.716684,0.724364 
0.716165,0.813964 
0.715996,0.744793 
0.715976,0.844603 
0.715939,0.759116 
0.715907,0.777767 
0.7154,0.779973   
0.71524,0.726351  
0.714991,0.717596 
0.714841,0.745536 
0.714803,0.745404 
0.714656,0.754431 
0.714277,0.771664 
0.714163,0.727574 
0.714061,0.720294 
0.713829,0.86543  
0.713624,0.776413 
0.713622,0.874133 
0.713465,0.725546 
0.713299,0.719223 
0.712933,0.727388 
0.712837,0.778423 
0.712524,0.816526 
0.712348,0.74641  
0.712332,0.752513 
0.711942,0.768848 
0.711881,0.744967 
0.711642,0.778195 
0.711497,0.846487 
0.711414,0.916503 
0.711285,0.749715 
0.711191,0.881637 
0.711182,0.729915 
0.711109,0.744178 
0.711109,0.7261   
0.710857,0.891655 
0.71085,0.788193  
0.710819,0.730381 
0.710478,0.755432 
0.710199,0.769039 
0.710199,0.745737 
0.710002,0.721233 
0.709415,0.754707 
0.709382,0.799438 
0.708916,0.721944 
0.708789,0.762256 
0.708166,0.763256 
0.707803,0.772232 
0.707739,0.810939 
0.707714,0.711004 
0.707697,0.724629 
0.707305,0.718291 
0.706989,0.776707 
0.706913,0.744949 
0.706621,0.852288 
0.706575,0.871303 
0.706529,0.734658 
0.706498,0.707477 
0.706374,0.745248 
0.705899,0.79481  
0.70562,0.881306  
0.70516,0.914935  
0.705029,0.881384 
0.704777,0.718264 
0.704647,0.70968  
0.704198,0.742057 
0.704145,0.730053 
0.70397,0.715216  
0.703739,0.777353 
0.703678,0.749341 
0.703678,0.75224  
0.703295,0.802168 
0.703292,0.773553 
0.703177,0.726098 
0.703136,0.859662 
0.702893,0.737011 
0.702838,0.824878 
0.702816,0.732358 
0.702681,0.709535 
0.702507,0.747406 
0.702424,0.708291 
0.702424,0.708445 
0.702382,0.86292  
0.702357,0.754997 
0.702316,0.752367 
0.702257,0.726238 
0.702171,0.709293 
0.701731,0.842668 
0.701417,0.727998 
0.701367,0.76098  
0.700944,0.892579 
0.700808,0.707196 
0.700521,0.703561 
0.70003,0.710579  
0.699909,0.770005 
0.699717,0.83233  
0.699629,0.739529 
0.699444,0.854401 
0.699322,0.736885 
0.699318,0.844687 
0.69911,0.725802  
0.698972,0.759246 
0.698738,0.775424 
0.698642,0.703692 
0.6983,0.751519   
0.698253,0.700149 
0.698242,0.932257 
0.698203,0.894396 
0.698106,0.723616 
0.697752,0.768972 
0.697618,0.770411 
0.69711,0.755086  
0.697099,0.713186 
0.696974,0.719231 
0.696786,0.698987 
0.695549,0.731504 
0.695509,0.76653  
0.695269,0.704194 
0.695151,0.777782 
0.695084,0.735944 
0.694954,0.721263 
0.69489,0.979472  
0.694874,0.704352 
0.694706,0.706492 
0.694366,0.727666 
0.694353,0.702872 
0.694204,0.728184 
0.694197,0.705211 
0.69419,0.714607  
0.693842,0.742008 
0.693761,0.693913 
0.693576,0.810482 
0.693529,0.786814 
0.693508,0.693938 
0.693472,0.721682 
0.693468,0.75026  
0.693431,0.718997 
0.693215,0.866335 
0.693213,0.813092 
0.692973,0.746305 
0.692925,0.711889 
0.692851,0.694936 
0.692851,0.753477 
0.692829,0.733423 
0.692673,0.693408 
0.692591,0.906403 
0.692484,0.763567 
0.692382,0.698632 
0.692188,0.906386 
0.692112,0.70234  
0.692085,0.772996 
0.691855,0.724636 
0.691805,0.731894 
0.691711,0.70858  
0.691697,0.716378 
0.691576,0.81954  
0.691544,0.853565 
0.691507,0.706608 
0.691498,0.692496 
0.691404,0.724903 
0.691127,0.824331 
0.69108,0.74614   
0.690948,0.857658 
0.690895,0.763994 
0.690765,0.795613 
0.690519,0.825578 
0.6905,0.753085   
0.690486,0.759729 
0.690486,0.691365 
0.690275,0.694663 
0.689934,0.875124 
0.689871,0.845514 
0.689606,0.765634 
0.689601,0.870817 
0.689559,0.757281 
0.689446,0.791231 
0.689358,0.771449 
0.689197,0.714069 
0.689029,0.78596  
0.688899,0.764695 
0.68884,0.742854  
0.688709,0.738593 
0.688677,0.828809 
0.688676,0.772451 
0.688588,0.694089 
0.688573,0.918685 
0.688436,0.8732   
0.688388,0.84924  
0.688383,0.740396 
0.68835,0.770363  
0.688191,0.724368 
0.688047,0.749074 
0.687821,0.782487 
0.687808,0.73354  
0.68773,0.760163  
0.68758,0.768605  
0.687532,0.786342 
0.687493,0.839805 
0.687301,0.817866 
0.687137,0.787019 
0.68708,0.736115  
0.686929,0.773358 
0.686832,0.838241 
0.686644,0.735184 
0.686195,0.704449 
0.686024,0.785179 
0.685959,0.719251 
0.685949,0.687239 
0.685933,0.75159  
0.685897,0.695011 
0.685824,0.70476  
0.685643,0.709611 
0.685628,0.704269 
0.685628,0.7333   
0.685465,0.844434 
0.68524,0.843307  
0.685226,0.713565 
0.685149,0.734801 
0.685143,0.749984 
0.685125,0.748983 
0.685065,0.703782 
0.68503,0.810966  
0.684945,0.797834 
0.684883,0.693698 
0.684569,0.685203 
0.684547,0.851064 
0.684165,0.702182 
0.684163,0.76489  
0.683832,0.801731 
0.683726,0.743672 
0.6836,0.791951   
0.683437,0.696151 
0.683284,0.792222 
0.683258,0.722966 
0.68311,0.694435  
0.682582,0.790481 
0.682579,0.73534  
0.682343,0.682832 
0.682243,0.866604 
0.682026,0.688001 
0.681929, -1         
0.681549,0.721295 
0.681391,0.833079 
0.681269,0.792978 
0.681197,0.71933  
0.68094,0.689331  
0.680905,0.747346 
0.680745,0.784061 
0.680713,0.706119 
0.680606,0.766139 
0.680565,0.696388 
0.680497,0.696441 
0.680425,0.68171  
0.680335,0.928243 
0.680274,0.804934 
0.680216,0.840681 
0.679905,0.691691 
0.679868,0.693916 
0.67977,0.927333  
0.679593,0.69822  
0.67955,0.696008  
0.679521,0.734712 
0.679293,0.706814 
0.679076,0.718061 
0.67892,0.704446  
0.678882,0.680752 
0.678843,0.954645 
0.678819,0.708582 
0.67881,0.714592  
0.678396,0.709621 
0.678331,0.991081 
0.678294,0.727836 
0.678053,0.693745 
0.678038,0.785477 
0.67801,0.699644  
0.677958,0.888637 
0.677754,0.892311 
0.677672,0.700584 
0.677538,0.695839 
0.677511,0.833838 
0.677437,0.745536 
0.677369,0.710058 
0.67723,0.713021  
0.677089,0.752388 
0.67703,0.818375  
0.677,0.704659    
0.676962,0.709706 
0.676922,0.881334 
0.676855,0.740192 
0.676846,0.811969 
0.676749,0.703344 
0.676697,0.704982 
0.676452,0.752281 
0.676443,0.69367  
0.676317,0.85692  
0.676085,0.720967 
0.676003,0.78242  
0.675957,0.7545   
0.675925,0.711496 
0.675591,0.683796 
0.675373,0.797726 
0.675326,0.786793 
0.675195,0.760291 
0.675145,0.768117 
0.67512,0.777919  
0.675,0.691623    
0.674988,0.782101 
0.674922,0.685725 
0.674895,0.685739 
0.67487,0.691227  
0.674854,0.79635  
0.674727,0.714981 
0.67465,0.921671  
0.674535,0.713997 
0.674412,0.719524 
0.674319,0.853397 
0.674218,0.73188  
0.673721,0.791459 
0.673536,0.944089 
0.673441,0.760515 
0.673409,0.721338 
0.673195,0.68389  
0.673148,0.861205 
0.673092,0.69252  
0.673033,0.958768 
0.672915,0.75727  
0.672795,0.676016 
0.672743,0.776633 
0.672729,0.850896 
0.672673,0.775006 
0.672644,0.694874 
0.672638,0.816558 
0.672499,0.696102 
0.672378,0.686034 
0.672348,0.721877 
0.672306,0.929685 
0.672245,0.715545 
0.672146,0.683865 
0.672061,0.734922 
0.671957,0.887967 
0.671704,0.720787 
0.671697,0.727697 
0.67168,0.783939  
0.671627,0.747988 
0.671619,0.683448 
0.671601, -1         
0.671293,0.706581 
0.67128,0.672431  
0.6712,0.681996   
0.671018,0.751418 
0.670989,0.672191 
0.670697,0.697465 
0.670692,0.673597 
0.670627,0.673394 
0.67055,0.739938  
0.670332,0.726563 
0.670176,0.690712 
0.670049,0.743596 
0.670032,0.728346 
0.670014,0.77344  
0.669958,0.696625 
0.669782,0.700039 
0.669482,0.688193 
0.669462,0.674565 
0.669357,0.673094 
0.66935,0.830781  
0.669239,0.671585 
0.669232,0.800727 
0.669036,0.777715 
0.668995,0.73587  
0.668825,0.783882 
0.668776,0.737218 
0.668594,0.677514 
0.668536,0.819281 
0.668536,0.753949 
0.66853,0.72063   
0.668248,0.857758 
0.668216,0.718773 
0.668209,0.777967 
0.667438,0.712322 
0.667037,0.729767 
0.666856,0.704498 
0.666555,0.669816 
0.66652,0.754897  
0.66647,0.885516  
0.66623,0.666468  
0.666227,0.749208 
0.666184,0.672033 
0.666184,0.672033 
0.66585,0.839243  
0.66561,0.698648  
0.665268, -1         
0.665191,0.689202 
0.665022,0.758406 
0.664996,0.673059 
0.664968,0.707934 
0.664945,0.675327 
0.664919,0.81248  
0.664745,0.840422 
0.664693,0.691533 
0.664619,0.667832 
0.664604,0.724532 
0.664546,0.790209 
0.664532,0.682444 
0.664284,0.683906 
0.664164,0.676541 
0.664107,0.711177 
0.664057,0.799161 
0.663937,0.692455 
0.66392,0.727045  
0.663897,0.865866 
0.663895,0.676879 
0.663882,0.677085 
0.663857,0.868469 
0.663622,0.863259 
0.663555,0.696924 
0.66355,0.729511  
0.663516,0.686004 
0.66335,0.721745  
0.663332,0.68738  
0.663111,0.677398 
0.662814,0.664041 
0.662773,0.714937 
0.662752,0.674963 
0.662633,0.708317 
0.662618,0.907836 
0.662555,0.732051 
0.662543,0.676867 
0.662484,0.685425 
0.662225,0.673059 
0.662083,0.691398 
0.662073,0.746619 
0.662032,0.673081 
0.662014,0.708472 
0.661975,0.762083 
0.661869,0.665139 
0.661826,0.690387 
0.661807,0.715779 
0.661693,0.726452 
0.661576,0.66422  
0.661557,0.686927 
0.66146,0.713002  
0.661333,0.695347 
0.661191,0.747226 
0.661093,0.987604 
0.661091,0.681252 
0.661078,0.767378 
0.66076,0.983921  
0.660679,0.732672 
0.660578,0.818949 
0.660548,0.925272 
0.660497,0.771568 
0.660419,0.668779 
0.660301,0.681925 
0.660291,0.823596 
0.660244,0.834073 
0.660242,0.675333 
0.660182,0.955994 
0.660074,0.675732 
0.660074,0.776641 
0.660025,0.660798 
0.659646,0.670038 
0.659646,0.672636 
0.659637,0.687448 
0.659637,0.717394 
0.659612,0.715553 
0.659608,0.726242 
0.659585,0.775248 
0.659507,0.713783 
0.659434,0.688032 
0.659394,0.681554 
0.659328,0.666857 
0.659267,0.730153 
0.659261,0.738844 
0.659162,0.812098 
0.658925,0.728244 
0.658881,0.677893 
0.658771,0.762493 
0.658748,0.666666 
0.658629,0.750143 
0.658278,0.772469 
0.658049,0.836693 
0.658042,0.726146 
0.657921,0.705061 
0.657886,0.661028 
0.657822,0.707143 
0.657768,0.665642 
0.657765,0.71219  
0.657579,0.665696 
0.65756,0.743899  
0.657521,0.803296 
0.657453,0.720116 
0.657266,0.779439 
0.657053,0.662529 
0.657009,0.779606 
0.657007,0.709506 
0.656881,0.881536 
0.656748,0.66069  
0.656622,0.78547  
0.656409,0.868651 
0.656181,0.757436 
0.656164,0.692089 
0.656164,0.678296 
0.656141,0.663967 
0.656074,0.718451 
0.656008,0.730415 
0.655939,0.737469 
0.655929,0.668235 
0.655829,0.707367 
0.655803,0.662081 
0.65574,0.876499  
0.655558,0.713022 
0.655424,0.771928 
0.655382,0.97488  
0.655162,0.670168 
0.654788,0.679282 
0.654768,0.682678 
0.654574,0.674535 
0.654552,0.784253 
0.654477,0.707989 
0.65436,0.657229  
0.654338,0.663462 
0.654317,0.710864 
0.654283,0.721942 
0.654206,0.797821 
0.654183,0.842466 
0.654163,0.667311 
0.654098,0.726537 
0.6539,0.869984   
0.653675,0.749573 
0.653446,0.717778 
0.653138,0.672256 
0.653058,0.664391 
0.653027,0.821104 
0.652905,0.741958 
0.652645,0.71967  
0.652583,0.772386 
0.652547,0.75185  
0.652265,0.71864  
0.652127,0.798042 
0.652089,0.655244 
0.652029,0.88332  
0.651968,0.704381 
0.651935,0.666879 
0.651839,0.689138 
0.651562,0.855439 
0.651554,0.754176 
0.651456,0.686701 
0.651003,0.666303 
0.650995,0.683578 
0.650898,0.669621 
0.650826,0.666281 
0.650601,0.676199 
0.650574,0.67942  
0.650528,0.81867  
0.650462,0.660081 
0.650382,0.749636 
0.650213,0.871742 
0.65013,0.861575  
0.649988,0.716235 
0.649928,0.701055 
0.649849,0.652411 
0.649664,0.750022 
0.649448,0.685177 
0.649389,0.692701 
0.649343,0.806578 
0.649095,0.674056 
0.64909,0.778217  
0.648872,0.695296 
0.648801,0.741687 
0.648799,0.650455 
0.648678,0.665683 
0.648573,0.713156 
0.648322,0.731616 
0.648166,0.714699 
0.648054,0.753348 
0.64804,0.743107  
0.648034,0.762483 
0.648031,0.650248 
0.64802,0.863925  
0.647981,0.702997 
0.647788,0.710078 
0.647736,0.647813 
0.647703,0.727829 
0.647624,0.722652 
0.647599,0.752504 
0.647537,0.653393 
0.647388,0.839094 
0.647295,0.694742 
0.647275,0.741301 
0.647165,0.661987 
0.64715,0.657194  
0.646905,0.814355 
0.64678,0.657183  
0.646755,0.68846  
0.646691,0.707349 
0.646651,0.792289 
0.646538,0.758371 
0.646503,0.744156 
0.646105,0.800741 
0.6461,0.727887   
0.645961,0.668643 
0.645801,0.806721 
0.645801,0.661743 
0.645483,0.862431 
0.6454,0.650158   
0.644804,0.647295 
0.644795,0.712171 
0.644192,0.679976 
0.64411,0.646717  
0.643918,0.653634 
0.643874,0.658634 
0.643486,0.712971 
0.643385,0.674615 
0.643218,0.729097 
0.643215,0.649639 
0.643108,0.650541 
0.643023,0.650822 
0.642966,0.758203 
0.642892,0.743175 
0.642703,0.667834 
0.642662,0.669407 
0.642499,0.644443 
0.64246,0.753522  
0.642407,0.654325 
0.642304,0.800623 
0.642199,0.647012 
0.642141,0.753098 
0.642133,0.676086 
0.641889,0.739482 
0.641559,0.773271 
0.641558,0.643381 
0.641304,0.837255 
0.641266,0.665527 
0.641221,0.706966 
0.641116,0.64395  
0.641109,0.654406 
0.641055,0.645369 
0.64087,0.668111  
0.640744,0.643033 
0.640728,0.656146 
0.640703,0.665741 
0.640686,0.66367  
0.640438,0.675042 
0.640401,0.642006 
0.639969,0.709571 
0.639799,0.640921 
0.639766,0.685437 
0.639716,0.811776 
0.639639,0.785793 
0.63962,0.652454  
0.639526,0.701814 
0.639458,0.666431 
0.639071,0.678746 
0.638928,0.643662 
0.638686,0.65009  
0.638329,0.644869 
0.638329,0.639107 
0.638328,0.804015 
0.638284,0.663818 
0.638278,0.674153 
0.638278,0.652649 
0.63817,0.677474  
0.637924,0.644962 
0.637833,0.724862 
0.637727,0.64721  
0.637654,0.724288 
0.63765,0.742562  
0.637588,0.834229 
0.637501,0.641404 
0.636986,0.76089  
0.636822,0.683426 
0.636634,0.686395 
0.636573,0.67312  
0.636437,0.65357  
0.636179,0.751394 
0.636129,0.666122 
0.636047,0.680665 
0.636038,0.663656 
0.635878,0.744211 
0.635647,0.652877 
0.635464,0.814264 
0.635383,0.640846 
0.635375,0.799988 
0.635236,0.667171 
0.635227,0.799381 
0.635217,0.800349 
0.634954,0.657992 
0.634877,0.705483 
0.634829,0.853525 
0.634829,0.663205 
0.634533,0.776083 
0.6344,0.670642   
0.634301,0.6712   
0.634237,0.684579 
0.633969,0.741971 
0.633911,0.794055 
0.633782,0.661341 
0.633619,0.801423 
0.633431,0.64728  
0.633064,0.678361 
0.632989,0.65151  
0.632658,0.659888 
0.63245,0.706668  
0.632344,0.686812 
0.632048,0.63548  
0.631815,0.809054 
0.631456,0.631761 
0.631132,0.671576 
0.631108,0.676135 
0.630979,0.675393 
0.630834,0.67315  
0.630683,0.856061 
0.630432,0.652892 
0.629948,0.64719  
0.629857,0.790308 
0.629688,0.633438 
0.62962,0.646836  
0.629464,0.687729 
0.629385,0.790338 
0.629347,0.718093 
0.629314,0.632258 
0.629284,0.717548 
0.629162,0.695413 
0.629131,0.637853 
0.628978,0.717808 
0.628819,0.696059 
0.628781,0.761485 
0.628751,0.673768 
0.628632,0.635684 
0.628626,0.64217  
0.628341,0.631653 
0.628272,0.841984 
0.62799,0.628371  
0.627847,0.656842 
0.62759,0.698601  
0.627565,0.664578 
0.627394,0.634199 
0.627317,0.640169 
0.627309,0.837498 
0.627236,0.855498 
0.627123,0.749389 
0.626983,0.68087  
0.625972,0.640568 
0.625903,0.659424 
0.625888,0.894257 
0.625776,0.658169 
0.625662,0.629192 
0.625555,0.731814 
0.625378,0.641429 
0.625324,0.727639 
0.625192,0.71039  
0.62487,0.711405  
0.624563,0.725358 
0.624107,0.637501 
0.623987,0.646906 
0.62391,0.662087  
0.623788,0.627912 
0.623764,0.712154 
0.623716,0.662403 
0.623692,0.647402 
0.623509,0.89482  
0.623346,0.63006  
0.623192,0.708019 
0.623189,0.704915 
0.623043,0.626537 
0.623027,0.69376  
0.62297,0.711025  
0.622784,0.721325 
0.622506,0.727232 
0.622242,0.648546 
0.622124,0.720377 
0.62208,0.632129  
0.621951,0.680966 
0.621634,0.637294 
0.621485,0.700481 
0.621187,0.686096 
0.620694,0.65041  
0.620627,0.63132  
0.620606,0.638953 
0.620541,0.683347 
0.620275,0.645711 
0.620207,0.760321 
0.620162,0.642492 
0.619983,0.719354 
0.619977,0.638001 
0.61997,0.679752  
0.619889,0.639806 
0.619874,0.65477  
0.619668,0.66769  
0.619433,0.644787 
0.619001,0.635655 
0.618958,0.659728 
0.618915,0.714207 
0.618768,0.717175 
0.618764,0.63105  
0.618628,0.638236 
0.618466,0.702218 
0.618446,0.629264 
0.618231,0.618817 
0.61819,0.63651   
0.617944,0.659229 
0.617551,0.780409 
0.617448,0.676871 
0.617223,0.640998 
0.617024,0.640716 
0.616952,0.686325 
0.61683,0.624827  
0.616795,0.799827 
0.616794,0.733464 
0.616696,0.655594 
0.616616,0.633605 
0.616604,0.629239 
0.616201,0.72645  
0.616111,0.629553 
0.616039,0.647175 
0.615963,0.760922 
0.615707,0.629476 
0.615699,0.685474 
0.615392,0.634496 
0.615009,0.617991 
0.614962,0.63739  
0.614766,0.637817 
0.614373,0.649648 
0.614256,0.667666 
0.614005,0.753742 
0.613905,0.618114 
0.613693,0.621287 
0.613336,0.614004 
0.613175,0.66732  
0.612737,0.669512 
0.612411,0.710515 
0.61235,0.639263  
0.612288,0.780535 
0.612211,0.670753 
0.612188,0.652654 
0.611565,0.624891 
0.611041,0.728701 
0.61102,0.676156  
0.61102,0.677944  
0.610767,0.646956 
0.610418,0.622491 
0.610395,0.649826 
0.610272,0.649427 
0.609866,0.767823 
0.60914,0.685202  
0.608965,0.646231 
0.608521,0.66492  
0.608518,0.783827 
0.607976,0.698018 
0.607774,0.62387  
0.60769,0.626917  
0.607565,0.629902 
0.60683,0.789186  
0.606671,0.610546 
0.606605,0.616574 
0.606513,0.810383 
0.606476,0.631425 
0.606349,0.655709 
0.605856,0.655141 
0.605626,0.753302 
0.605392,0.637586 
0.604944,0.658174 
0.604919,0.611488 
0.604716,0.609273 
0.604683,0.643798 
0.604417,0.645619 
0.604417,0.673889 
0.604414,0.673941 
0.604198,0.612348 
0.604006,0.612162 
0.603974,0.64903  
0.603689,0.62297  
0.603604,0.650155 
0.603327,0.752562 
0.603037,0.622919 
0.602987,0.622364 
0.602946,0.61958  
0.602931,0.629797 
0.602929,0.629462 
0.602794,0.67976  
0.602558,0.649684 
0.601946,0.60474  
0.601825,0.681618 
0.601716,0.665835 
0.601713,0.657937 
0.601331,0.606147 
0.601056,0.659505 
0.601047,0.632361 
0.600905,0.680566 
0.600846,0.626905 
0.600823,0.635119 
0.600527,0.608505 
0.600458,0.606283 
0.600319,0.706661 
0.600268,0.600378 
0.600106,0.66387  
0.599956,0.659742 
0.599956,0.647505 
0.599935,0.616575 
0.59981,0.601182  
0.599581,0.691408 
0.599448,0.60904  
0.59941,0.62025   
0.599101,0.618565 
0.599003,0.617099 
0.598773,0.700956 
0.598762,0.616026 
0.598677,0.640123 
0.598609,0.65672  
0.598095,0.642396 
0.598018,0.704119 
0.59787,0.62749   
0.597096,0.600402 
0.596666,0.659541 
0.596233,0.600485 
0.59617,0.599025  
0.595973,0.601251 
0.595512,0.60976  
0.595365,0.676071 
0.595229,0.597896 
0.595004,0.632284 
0.594861,0.641418 
0.594731,0.607371 
0.594713,0.623226 
0.594648,0.597329 
0.593858,0.611909 
0.592712,0.607655 
0.592607,0.596212 
0.59226,0.606001  
0.592227,0.638335 
0.592029,0.617156 
0.591755,0.614424 
0.591513,0.64594  
0.591382,0.626901 
0.591221,0.608606 
0.591049,0.783133 
0.591006,0.687242 
0.590967,0.677728 
0.590525,0.596883 
0.590473,0.613978 
0.590287,0.595674 
0.590103,0.60846  
0.58999,0.609921  
0.589715,0.615706 
0.589585,0.640193 
0.589565,0.606432 
0.589199,0.615368 
0.588955,0.655065 
0.588837,0.652675 
0.588786,0.634194 
0.588687,0.598814 
0.58862,0.613145  
0.588451,0.603009 
0.588277,0.607652 
0.588253,0.609775 
0.588073,0.612061 
0.588002,0.614856 
0.58778,0.664767  
0.58778,0.596389  
0.587632,0.597321 
0.587397,0.717471 
0.58707,0.596292  
0.586957,0.600727 
0.586598,0.655005 
0.586284,0.591775 
0.58625,0.645055  
0.585871,0.627943 
0.58577,0.671931  
0.585471,0.641164 
0.585367,0.614014 
0.585208,0.599596 
0.584856,0.644185 
0.584813,0.661991 
0.584738,0.641792 
0.583982,0.636313 
0.583932,0.609415 
0.583914,0.663407 
0.583791,0.601398 
0.5835,0.598223   
0.583257,0.670246 
0.583132,0.590889 
0.58267,0.596155  
0.582555,0.618448 
0.581979,0.585933 
0.581807,0.603209 
0.581592,0.640481 
0.581389,0.599888 
0.581366,0.632324 
0.581179,0.725675 
0.580998,0.584718 
0.580911,0.638433 
0.58086,0.585708  
0.580832,0.586068 
0.580501,0.633234 
0.580429,0.58802  
0.58039,0.632326  
0.579883,0.594355 
0.57941,0.60846   
0.579292,0.583177 
0.579286,0.590969 
0.579179,0.581103 
0.578424,0.580033 
0.578175,0.623913 
0.578086,0.614662 
0.578019,0.625562 
0.577838,0.597341 
0.577826,0.596452 
0.57773,0.668472  
0.577718,0.586863 
0.577401,0.621981 
0.576964,0.577859 
0.576864,0.61409  
0.576487,0.663473 
0.576395,0.586967 
0.576175,0.627627 
0.575971,0.612187 
0.575781,0.666294 
0.575386,0.715577 
0.575331,0.60611  
0.575182,0.595634 
0.57499,0.585214  
0.574944,0.62784  
0.574421,0.576752 
0.57383,0.589808  
0.573372,0.622309 
0.573324,0.585702 
0.573196,0.585158 
0.573122,0.57404  
0.573075,0.628305 
0.573033,0.578668 
0.572956,0.59164  
0.57292,0.618932  
0.572843,0.576981 
0.572843,0.587512 
0.572666,0.602811 
0.572651,0.574872 
0.572365,0.58922  
0.572128,0.679553 
0.57207,0.621265  
0.572012,0.615972 
0.571906,0.599917 
0.57065,0.591038  
0.570043,0.571113 
0.570017,0.592253 
0.569941,0.573463 
0.569556,0.647409 
0.569277,0.60092  
0.568889,0.57943  
0.568594,0.584427 
0.568177,0.61745  
0.567998,0.626177 
0.567787,0.573196 
0.567676,0.590466 
0.567362,0.612465 
0.567296,0.581708 
0.567201,0.571439 
0.567105,0.600779 
0.566887,0.601334 
0.566636,0.603368 
0.566405,0.622606 
0.56615,0.578554  
0.566096,0.611547 
0.565827,0.574206 
0.56468,0.698488  
0.564547,0.568757 
0.564466,0.568713 
0.564299,0.592541 
0.563925,0.63669  
0.563842,0.574261 
0.563692,0.60391  
0.563491,0.572187 
0.562536,0.595902 
0.562265,0.588678 
0.562194,0.586924 
0.561456,0.611938 
0.561322,0.579319 
0.561049,0.631291 
0.560897,0.583698 
0.560737,0.607712 
0.560648,0.573911 
0.560097,0.59562  
0.559812,0.563989 
0.559451,0.618603 
0.559182,0.587287 
0.558695,0.629135 
0.558668,0.603857 
0.558654,0.617924 
0.558454,0.612858 
0.558175,0.627606 
0.557831,0.572448 
0.556899,0.591157 
0.55681,0.55939   
0.556759,0.58409  
0.556612,0.588023 
0.556303,0.608263 
0.55601,0.609154  
0.555308,0.577882 
0.555219,0.619094 
0.55514,0.589683  
0.55467,0.59788   
0.554616,0.558261 
0.554184,0.575544 
0.553827,0.626228 
0.553466,0.577681 
0.553261,0.584557 
0.553224,0.559283 
0.553205,0.585326 
0.553149,0.608406 
0.551989,0.586935 
0.551915,0.564642 
0.551867,0.654581 
0.551767,0.614458 
0.551643,0.60846  
0.551615,0.564239 
0.551611,0.581258 
0.551576,0.556026 
0.551349,0.647649 
0.551055,0.637313 
0.550596,0.555813 
0.550193,0.644402 
0.549769,0.623602 
0.549661,0.557826 
0.549568,0.614752 
0.54945,0.561825  
0.548508,0.5492   
0.548432,0.560878 
0.548277,0.571339 
0.548066,0.553988 
0.547697,0.557507 
0.547539,0.557472 
0.547481,0.548894 
0.547481,0.583846 
0.54726,0.599282  
0.547125,0.563562 
0.547026,0.565812 
0.545933,0.552045 
0.545532,0.583337 
0.545091,0.591435 
0.54504,0.579418  
0.544803,0.559939 
0.544477,0.560731 
0.544369,0.560608 
0.544221,0.555426 
0.542596,0.55543  
0.542523,0.558834 
0.5424,0.588836   
0.542104,0.545206 
0.541568,0.551933 
0.540599,0.541638 
0.540375,0.594413 
0.539892,0.622755 
0.539857,0.552427 
0.539854,0.584921 
0.539743,0.583515 
0.539003,0.542495 
0.538767,0.54406  
0.53755,0.556443  
0.537277,0.552643 
0.537221,0.552524 
0.536995,0.54423  
0.536155,0.592521 
0.536056,0.57528  
0.535819,0.655787 
0.535195,0.591889 
0.534689,0.584313 
0.533032,0.535349 
0.532656,0.584787 
0.532556,0.534355 
0.532467,0.537094 
0.531561,0.563421 
0.531263,0.578318 
0.530999,0.559186 
0.53091,0.590125  
0.530812,0.603163 
0.530466,0.538018 
0.529505,0.579517 
0.52925,0.532756  
0.528982,0.530359 
0.528357,0.530157 
0.525957,0.574775 
0.52534,0.530944  
0.52488,0.534741  
0.524703,0.539602 
0.52381,0.610708  
0.523701,0.551553 
0.521013,0.563577 
0.520764,0.530284 
0.520061,0.547351 
0.520002,0.559877 
0.519868,0.531126 
0.518626,0.541634 
0.518056,0.520354 
0.516945,0.535627 
0.516881,0.537981 
0.516636,0.567832 
0.516227,0.542383 
0.515882,0.526399 
0.513621,0.550576 
0.512724,0.522165 
0.512348,0.527748 
0.511915,0.582188 
0.511732,0.512693 
0.511529,0.546546 
0.511296,0.556918 
0.510948,0.517564 
0.510328,0.546926 
0.510317,0.538436 
0.510019,0.527551 
0.509922,0.570207 
0.509651,0.56431  
0.508591,0.538591 
0.50822,0.54367   
0.507915,0.550163 
0.507483,0.515193 
0.507228,0.539288 
0.506918,0.520453 
0.505954,0.523446 
0.50497,0.520753  
0.504938,0.535964 
0.50299,0.522193  
0.502371,0.503998 
0.502304,0.516063 
0.502084,0.580443 
0.501954,0.508417 
0.501826,0.57253  
0.501768,0.529622 
0.501652,0.532765 
0.501257,0.503755 
0.50061,0.505224  
0.500067,0.547717 
0.49974,0.503404  
0.49908,0.547709  
0.498859,0.536385 
0.498742,0.516778 
0.497627,0.530805 
0.49624,0.501126  
0.494782,0.504234 
0.493569,0.496939 
0.492966,0.533478 
0.490841,0.528946 
0.489612,0.496514 
0.489448,0.502406 
0.488403,0.522549 
0.487852,0.517387 
0.487123,0.491387 
0.484355,0.496601 
0.483753,0.547487 
0.482541,0.489745 
0.482155,0.518404 
0.481316,0.520233 
0.480077,0.520119 
0.47841,0.486008  
0.477374,0.478852 
0.476951,0.512354 
0.475119,0.515001 
0.47341,0.485132  
0.473001,0.474034 
0.472933,0.515266 
0.46998,0.472263  
0.466194,0.492764 
0.465109,0.474071 
0.459056,0.515709 
0.459008,0.479617 
0.457156,0.457879 
0.456056,0.480426 
0.455071,0.471531 
0.455041,0.486122 
0.454706,0.461994 
0.454661,0.459609 
0.453081,0.515712 
0.44962,0.529248  
0.44955,0.465823  
0.448219,0.453017 
0.44554,0.451876  
0.443558,0.463112 
0.443337,0.450795 
0.442537,0.455057 
0.442341,0.445812 
0.440109,0.441256 
0.439556,0.451276 
0.437189,0.449801 
0.432674,0.445773 
0.427865,0.434494 
0.42497,0.435002  
0.423178,0.448031 
0.422223,0.431704 
0.420561,0.425041 
0.419649,0.420185 
0.418883,0.427486 
0.417619,0.469301 
0.411838,0.422902 
0.404596,0.406388 
0.395412,0.403481 
0.376169,0.467109 
0.371085,0.37179  
0.366654,0.399777 
0.344219,0.358292 
