0.888609809252, 0.915135039039
0.876924894230, 0.934177264875
0.850531034990, 0.870114910539
0.847420821435, 0.876183650670
0.844754178601, 0.916405663433
0.839996633498, 0.901429040550
0.838116980172, 0.840941404191
0.837582050341, 0.843227561354
0.835331500973, 0.840894211182
0.833666112500, 0.913993337075
0.827581361346, 0.853526766338
0.827512971289, -1.000000000000
0.826337454445, 0.868655954806
0.824057772242, 0.881283042764
0.822709152198, 0.884237181762
0.822709152198, 0.871955584488
0.822199780550, 0.873235073944
0.821812845826, 0.845157355480
0.816969337679, 0.860997649985
0.815739117821, 0.854214474975
0.815296295922, 0.816976565571
0.814570128597, 0.826747904456
0.813755847602, 0.907287988399
0.813485410463, 0.827427095453
0.809727950405, 0.882630159131
0.809539669794, 0.838780619309
0.809099087811, -1.000000000000
0.808864253764, 0.811912939072
0.808325591873, 0.815844743347
0.807575954347, 0.901220482605
0.805854328843, 0.825110831795
0.805030647654, 0.805985819666
0.804589841331, 0.833599583948
0.803343060842, 0.822437190717
0.801871077525, 0.816916175345
0.799068632114, 0.824560047441
0.796430366008, 0.802082458313
0.795706521882, 0.803309860545
0.795576277219, 0.839536953808
0.795128655456, 0.828846719326
0.793645133731, 0.802656579329
0.793162865689, 0.815761296370
0.792898599803, 0.826679465656
0.791911873311, 0.796907261733
0.791187655018, 0.848674846387
0.790716801724, 0.802656579329
0.788890428347, 0.824012563760
0.788540433883, 0.808675192762
0.787662537135, 0.823705640728
0.786739794889, 0.876786726539
0.786032707603, 0.886331345400
0.785582321397, 0.787285451166
0.784760619592, 0.793129835679
0.784456950289, 0.819640325545
0.783715090599, 0.796150789412
0.783093413546, 0.857506966670
0.783077267812, 0.833863148275
0.782794863211, 0.804369489109
0.781893461699, 0.791743656515
0.779992119502, 0.788374236459
0.779363679792, 0.823640407268
0.779245493234, 0.788003813430
0.779214502320, 0.818303941636
0.779147197443, 0.789887746398
0.779022117691, 0.806225429166
0.778788731725, 0.780177842577
0.778197796941, 0.780964126528
0.778110014691, 0.782506467458
0.777489674076, 0.915135039039
0.777240604312, 0.829102770652
0.776846558579, 0.804391653663
0.776800977176, 0.858713095642
0.775296052045, 0.775341885355
0.774880366791, 0.814977399459
0.774482815285, 0.795535260429
0.774477471380, 0.776020323582
0.774466996363, 0.833921141013
0.774455929080, 0.792298357865
0.774428846701, 0.799023862209
0.774334572520, 0.788368508993
0.773223540278, 0.775529418297
0.772333987759, 0.863346872220
0.772316717357, 0.790318621044
0.772051475289, 0.797097424655
0.771994013913, 0.785731259877
0.771684291144, 0.916199223237
0.771195609983, 0.780102010984
0.770526830791, 0.860023507959
0.770457324672, 0.780284287702
0.769936360738, 0.801949894474
0.769852381709, 0.787760133324
0.769709360704, 0.800454809331
0.768695704563, 0.810425951417
0.768646910268, 0.783646554639
0.768592216779, 0.829477620911
0.768441709239, 0.770730930874
0.768385789867, 0.797218168725
0.767604843252, 0.778252491050
0.767244965377, 0.790884836205
0.766708138244, 0.819839623081
0.766655744456, 0.768583665605
0.766406009860, 0.796806843549
0.766238573733, 0.771135576559
0.764921278200, 0.771980895473
0.764525488687, 0.776551601492
0.763547743070, 0.776825381631
0.763473156825, 0.821290827893
0.763412707191, 0.771762492820
0.759572075602, 0.793422688363
0.759524829768, 0.819269570585
0.758848625210, 0.830585087031
0.758808607903, 0.801282932047
0.758583684950, 0.786903263073
0.757981880417, 0.865524614480
0.757799258867, 0.816527395988
0.757495113895, 0.792686013903
0.757489603296, 0.825943273690
0.757379294745, 0.791922915118
0.756876001224, 0.775881155778
0.756097751138, 0.770133760253
0.755832465156, 0.928955650471
0.755123103417, 0.837527885880
0.755050299416, 0.774034798774
0.754983788497, 0.891306394154
0.754386186869, 0.767681493239
0.754317658982, 0.788140813551
0.754264708295, 0.786826106379
0.753856321057, 0.759636030926
0.752686155163, 0.753894650582
0.752458303686, 0.803446288452
0.751847449564, 0.769625630892
0.750949893251, 0.755499058398
0.750477121611, 0.827992323679
0.750456987225, 0.761194188121
0.750312772381, 0.845390011055
0.750298857909, 0.833564867833
0.750295499991, 0.754174014846
0.750162726318, 0.779592945768
0.749072079049, 0.851055831574
0.748660816329, 0.782240511489
0.748569901331, 0.781464598776
0.748467992595, 0.817247281428
0.747870405885, 0.759744319189
0.747616483310, 0.749387264669
0.747037115635, 0.833357345072
0.746909452046, 0.796734271743
0.746696605006, 0.780695535691
0.746510105342, 0.754671048304
0.746316096190, 0.808188562210
0.745484047531, 0.786314394037
0.745004212096, 0.752834552785
0.744656947269, 0.820618863056
0.744440732280, 0.784879834736
0.744244768340, 0.797296415784
0.744032005979, 0.748565166646
0.743976148345, 0.745164735211
0.743834363927, 0.831061547152
0.743749073599, 0.803977200139
0.743340096087, 0.761461146271
0.743004617451, 0.758021916878
0.742864577627, 0.857318925100
0.742641911402, 0.774743584264
0.742430435832, 0.747607772200
0.742409796530, 0.761612251171
0.741689286812, 0.780168615060
0.741594920478, 0.745368067915
0.740895091762, 0.756456764199
0.740800837260, 0.800072211500
0.740587456145, 0.754934870941
0.740347114990, 0.818167345000
0.739989501760, 0.815209557113
0.739988630985, 0.844544809230
0.739191744553, 0.800629357638
0.738961156377, 0.794296970550
0.738864993516, 0.776708551868
0.738701770273, 0.821269991047
0.737899605055, 0.762404027083
0.737660090774, 0.844653832373
0.737084449110, 0.756664228059
0.736726699221, 0.789239029097
0.736394384405, 0.769566121224
0.736031167122, 0.757549897278
0.735741443044, 0.783891155674
0.735244088915, 0.796746871201
0.735196889996, 0.754249811993
0.734654019808, 0.748928444650
0.734535206235, 0.793444576927
0.734343062748, 0.847654841015
0.734338529748, 0.759672457220
0.734192971287, 0.743181151134
0.734170194506, 0.744486243986
0.734066503953, 0.751694540598
0.733965905946, 0.782686462020
0.733579438885, 0.808216831616
0.733438390446, 0.798957315175
0.733370888428, 0.740191128845
0.733307547833, 0.779497118495
0.733281856176, 0.733520320414
0.733171082451, 0.747987736972
0.733008323840, 0.811109662567
0.732975573441, 0.750101664846
0.732924923285, 0.736991903665
0.732802312656, 0.814740491140
0.732778037759, 0.735423722592
0.732397663406, 0.749142388670
0.732180294989, 0.732362681167
0.731798584331, 0.907949658022
0.731182714914, 0.793186120074
0.730974501282, 0.740234364098
0.729955952928, 0.830395082696
0.729326581436, 0.739026753939
0.729325814282, 0.806069797834
0.728730255928, 0.730782170668
0.728485855683, 0.831910838265
0.728276411070, 0.729360228189
0.728080067827, 0.883742227031
0.727966225703, 0.732943690687
0.727676462003, 0.751814048968
0.727545599246, 0.730008920072
0.727512649274, 0.775890219523
0.727512649274, 0.787888433261
0.727495354299, 0.727607280409
0.727400448625, 0.755255244293
0.727394183972, 0.741623613445
0.727302853852, 0.755312766696
0.727220200930, 0.746621870306
0.727120348275, 0.742250144211
0.727021950609, 0.739156265191
0.726571017832, 0.785339977597
0.726051380392, 0.920065926972
0.726031628935, 0.742823371348
0.725999598133, 0.780437516638
0.725919475688, 0.771091213172
0.725879776717, 0.759774056244
0.725782802952, 0.760562714526
0.725483864995, 0.751351358488
0.725434617822, 0.737821788887
0.725228131479, 0.806781893760
0.724645037443, 0.733227145185
0.724063348741, 0.730507313147
0.723670683930, 0.738354046894
0.723533429732, 0.759589276443
0.723530923649, 0.742107067880
0.723429145349, 0.764642376797
0.723372547101, 0.834106524351
0.723121830745, 0.919708709394
0.723108070588, 0.744427161874
0.722178978092, 0.750035017555
0.722164053768, 0.762395458677
0.721925016285, 0.769281309002
0.721510608469, 0.900141000427
0.721502351986, 0.750238364772
0.721502351986, 0.777043552135
0.721286992830, 0.722337101287
0.721144984018, 0.800259549743
0.721128094605, 0.724909186435
0.721029705064, 0.824518495933
0.720576734547, 0.770539265547
0.720441973012, 0.783271274896
0.720313120381, 0.808065065904
0.720304248623, 0.819145322362
0.720215449735, 0.765577153667
0.720006917426, 0.758178382304
0.719999563817, 0.725435987657
0.719773427276, 0.728043043494
0.719645309231, 0.744977144642
0.719524018127, 0.770940200754
0.719145515085, 0.816134396647
0.718960928365, 0.752267256877
0.718568189710, 0.800911084471
0.718199987488, 0.739988417304
0.718093705643, 0.726722204091
0.718021926794, 0.754631005512
0.717952711086, 0.756940522182
0.717547325211, 0.882823013879
0.717271891891, 0.719999563817
0.717233688014, 0.805147009573
0.717032248557, 0.809826772539
0.717002587087, 0.760608927398
0.716683571844, 0.724364300520
0.716164759782, 0.813963997445
0.715995644722, 0.744793346537
0.715976378246, 0.844602840429
0.715938799676, 0.759115874729
0.715907187120, 0.777767136503
0.715399723870, 0.779972959067
0.715240367531, 0.726351335237
0.714990789079, 0.717596156482
0.714841231950, 0.745536494147
0.714803166718, 0.745403770400
0.714655494538, 0.754431389450
0.714277226916, 0.771664359176
0.714163512211, 0.727574146608
0.714060787181, 0.720294055051
0.713829428091, 0.865430031326
0.713624058894, 0.776412578003
0.713621690010, 0.874132750879
0.713464807921, 0.725545530218
0.713299176848, 0.719222872594
0.712933151813, 0.727388260380
0.712836869229, 0.778423495843
0.712523851813, 0.816525813472
0.712347698183, 0.746409706935
0.712332479015, 0.752513003613
0.711942020810, 0.768847493701
0.711880548155, 0.744966605641
0.711641806832, 0.778194837113
0.711496878635, 0.846487352023
0.711414053285, 0.916503062268
0.711284815782, 0.749714781119
0.711190739440, 0.881637462886
0.711182461237, 0.729915118665
0.711109344954, 0.744177634787
0.711109235863, 0.726100121813
0.710856817141, 0.891654632754
0.710849677436, 0.788192598854
0.710819260430, 0.730381309872
0.710478079647, 0.755432165938
0.710198772102, 0.745736953003
0.710198772102, 0.769038881640
0.710002005974, 0.721232697597
0.709414854212, 0.754707043330
0.709381620618, 0.799438073253
0.708915542830, 0.721944251723
0.708789261190, 0.762256037163
0.708166290272, 0.763256033462
0.707802723985, 0.772231766132
0.707738487381, 0.810938795975
0.707713980608, 0.711004180841
0.707697432399, 0.724629033083
0.707305401713, 0.718290482093
0.706989244625, 0.776706787408
0.706913191619, 0.744948840987
0.706620523765, 0.852288027666
0.706575050097, 0.871303453332
0.706529352648, 0.734658123295
0.706497850053, 0.707477476993
0.706374417049, 0.745248393287
0.705898978839, 0.794810227613
0.705620401233, 0.881306219240
0.705160180011, 0.914934694742
0.705028904261, 0.881383794533
0.704776720210, 0.718263533654
0.704647081801, 0.709680417390
0.704197827712, 0.742056848308
0.704145161489, 0.730053551522
0.703969731560, 0.715215770871
0.703738978466, 0.777353501213
0.703677576471, 0.752240433543
0.703677576471, 0.749341229415
0.703294546790, 0.802167513151
0.703291607291, 0.773552557990
0.703176631539, 0.726097573138
0.703136105313, 0.859661781687
0.702893511729, 0.737011476263
0.702837664269, 0.824877723208
0.702816021470, 0.732358157594
0.702680659145, 0.709534642669
0.702506899038, 0.747406332065
0.702424445100, 0.708290575288
0.702424445100, 0.708445124463
0.702382342473, 0.862919781459
0.702357003898, 0.754997207909
0.702316190865, 0.752367080019
0.702257498900, 0.726238164685
0.702170775148, 0.709293072896
0.701731185187, 0.842667606333
0.701417417466, 0.727997578247
0.701366649434, 0.760979997813
0.700943653577, 0.892578941528
0.700807934352, 0.707195938966
0.700520733601, 0.703561488605
0.700029863909, 0.710579145858
0.699909229484, 0.770004574439
0.699716786445, 0.832330098708
0.699628506380, 0.739528527825
0.699444120298, 0.854400648300
0.699322457266, 0.736885330034
0.699317632278, 0.844686734975
0.699110154143, 0.725801744723
0.698971586480, 0.759245576935
0.698738153072, 0.775424151079
0.698641600258, 0.703691725929
0.698300489044, 0.751519212330
0.698252829386, 0.700149299006
0.698242364909, 0.932257005413
0.698202726519, 0.894396236087
0.698106181856, 0.723615979684
0.697751805619, 0.768971574004
0.697617951999, 0.770411318306
0.697109784372, 0.755085856806
0.697099033464, 0.713185622921
0.696974334541, 0.719230722066
0.696786190624, 0.698986828085
0.695548785444, 0.731503718914
0.695508768066, 0.766530429023
0.695269428233, 0.704194013477
0.695150846550, 0.777782492296
0.695083921233, 0.735943942854
0.694954334731, 0.721263042178
0.694889766176, 0.979472486911
0.694874327143, 0.704352063306
0.694706321926, 0.706492359509
0.694365642032, 0.727665881282
0.694353162046, 0.702872254634
0.694204228599, 0.728184115797
0.694197110338, 0.705210612442
0.694189729326, 0.714607179946
0.693842371639, 0.742007637949
0.693760538604, 0.693912883341
0.693576080148, 0.810481546923
0.693529495959, 0.786813790715
0.693507789694, 0.693938225639
0.693472304151, 0.721681938663
0.693467878197, 0.750260127537
0.693431491259, 0.718996905894
0.693215068891, 0.866335174022
0.693213083554, 0.813092186666
0.692972591970, 0.746305449562
0.692925339260, 0.711889119390
0.692850675824, 0.694936101607
0.692850628032, 0.753477180113
0.692828811790, 0.733422897486
0.692673101507, 0.693408421983
0.692591451950, 0.906402856815
0.692483671074, 0.763566904950
0.692382101186, 0.698631963778
0.692187898319, 0.906386264105
0.692112083050, 0.702339902435
0.692085404783, 0.772996323072
0.691855518865, 0.724635996681
0.691805263248, 0.731894148135
0.691711288991, 0.708579994038
0.691697415969, 0.716378277035
0.691576281774, 0.819540453045
0.691544368912, 0.853565180945
0.691506510834, 0.706608387160
0.691497538353, 0.692496410083
0.691403652082, 0.724903149879
0.691126651519, 0.824330969623
0.691079978444, 0.746140077675
0.690947980133, 0.857657875734
0.690894761927, 0.763993863514
0.690764504367, 0.795613416925
0.690519349042, 0.825577752778
0.690500316868, 0.753085021280
0.690485626734, 0.691365084415
0.690485626734, 0.759728970612
0.690274919434, 0.694662992310
0.689933726049, 0.875123671397
0.689870791892, 0.845514186357
0.689606248559, 0.765633781933
0.689601408634, 0.870817279801
0.689558706662, 0.757281178728
0.689445753855, 0.791230740957
0.689358490828, 0.771449382481
0.689197450977, 0.714068830856
0.689029453652, 0.785960193373
0.688899278608, 0.764695421637
0.688840455242, 0.742853813834
0.688709315018, 0.738593387170
0.688676839048, 0.828808927230
0.688676493218, 0.772451414089
0.688587677347, 0.694088785492
0.688573148090, 0.918684583925
0.688436013925, 0.873199996040
0.688388441444, 0.849240452027
0.688382722057, 0.740395898717
0.688350117413, 0.770362553486
0.688190477048, 0.724368156015
0.688047462962, 0.749074273333
0.687820766323, 0.782487302539
0.687808120848, 0.733540229080
0.687730181004, 0.760163002170
0.687579670851, 0.768605069906
0.687532290354, 0.786342149476
0.687492950328, 0.839804838464
0.687300825857, 0.817865729208
0.687136828586, 0.787019203458
0.687079681264, 0.736115270518
0.686928670671, 0.773357813985
0.686831654065, 0.838241330882
0.686643690294, 0.735183844351
0.686194986431, 0.704449176766
0.686024353011, 0.785179171494
0.685958565446, 0.719251348539
0.685949030111, 0.687239309213
0.685932610493, 0.751590463173
0.685897450369, 0.695011274001
0.685824290254, 0.704759493644
0.685642790182, 0.709610972803
0.685628277717, 0.704269444383
0.685627516055, 0.733299761499
0.685465227931, 0.844433837613
0.685240341988, 0.843307462588
0.685226363404, 0.713564537730
0.685149285521, 0.734801087704
0.685143437336, 0.749984032372
0.685124880300, 0.748982828502
0.685065478004, 0.703781543786
0.685029925995, 0.810965657744
0.684945237807, 0.797833441018
0.684882878853, 0.693698204683
0.684568503514, 0.685203436581
0.684547165261, 0.851063689342
0.684164945065, 0.702182032245
0.684163140871, 0.764889713900
0.683832268159, 0.801730724865
0.683725635861, 0.743671874037
0.683599651750, 0.791950685012
0.683437318452, 0.696151401658
0.683283605181, 0.792222524798
0.683257495670, 0.722966203482
0.683110394617, 0.694435371401
0.682581845247, 0.790481060813
0.682579329410, 0.735339708004
0.682343052166, 0.682831823095
0.682242987499, 0.866604326877
0.682026397728, 0.688001105722
0.681928640223, -1.000000000000
0.681548861809, 0.721295364389
0.681391081700, 0.833079202531
0.681268630045, 0.792977712166
0.681197277516, 0.719329839986
0.680939910191, 0.689330610427
0.680904829244, 0.747346363915
0.680744519931, 0.784060617976
0.680712691594, 0.706118756761
0.680605844929, 0.766139231847
0.680564626194, 0.696387773235
0.680497311158, 0.696441108142
0.680425180340, 0.681709858955
0.680334803634, 0.928242665483
0.680274265188, 0.804934318521
0.680216043845, 0.840681322661
0.679904798757, 0.691690976991
0.679868079083, 0.693915523687
0.679769478907, 0.927333009735
0.679593478402, 0.698220203603
0.679549634678, 0.696008486269
0.679520698903, 0.734712203459
0.679292893765, 0.706813872426
0.679076214971, 0.718060471617
0.678919672000, 0.704445514654
0.678882160450, 0.680751878643
0.678843320002, 0.954644994433
0.678818637027, 0.708582108175
0.678809791846, 0.714591648648
0.678396213740, 0.709620661466
0.678331536417, 0.991080637732
0.678293518073, 0.727836074546
0.678053098804, 0.693744680030
0.678037859094, 0.785476733941
0.678010069148, 0.699644431962
0.677957999871, 0.888636701679
0.677753763384, 0.892311107417
0.677672378311, 0.700583640251
0.677538214997, 0.695838701168
0.677511074758, 0.833838441871
0.677437278982, 0.745535860737
0.677368550212, 0.710058110425
0.677229899007, 0.713021336553
0.677088637146, 0.752388130626
0.677030333915, 0.818375433537
0.676999866752, 0.704658591721
0.676961688659, 0.709705967648
0.676921756394, 0.881333613151
0.676854986608, 0.740192031446
0.676845933392, 0.811968650615
0.676749323060, 0.703344049350
0.676697244010, 0.704981952580
0.676451888825, 0.752281484108
0.676443159503, 0.693669832855
0.676317405304, 0.856920224057
0.676084570970, 0.720966892396
0.676002739231, 0.782420226590
0.675956566573, 0.754499843108
0.675925177649, 0.711496132354
0.675590798149, 0.683795598013
0.675372727117, 0.797725740194
0.675326083945, 0.786793358565
0.675194545512, 0.760290853835
0.675144728732, 0.768117432676
0.675119844988, 0.777918872789
0.675000026639, 0.691623101411
0.674987928668, 0.782101009102
0.674921465048, 0.685725053040
0.674895397137, 0.685738533064
0.674870039969, 0.691226893799
0.674854350484, 0.796349767881
0.674727061716, 0.714981069311
0.674649860666, 0.921671130835
0.674534797862, 0.713996605776
0.674412369428, 0.719524202532
0.674318779021, 0.853397236780
0.674218107643, 0.731880321759
0.673721235707, 0.791459376906
0.673536296422, 0.944089223325
0.673441081399, 0.760514803564
0.673409250550, 0.721338455024
0.673195308877, 0.683889972765
0.673147575557, 0.861205068852
0.673091684248, 0.692520560569
0.673032614330, 0.958767698690
0.672914791080, 0.757269877833
0.672794600686, 0.676016102381
0.672742873221, 0.776632558180
0.672728885959, 0.850896278301
0.672673387499, 0.775005854145
0.672643771282, 0.694873655872
0.672637991970, 0.816558509939
0.672498754615, 0.696101737482
0.672377532219, 0.686034102976
0.672347869605, 0.721876528208
0.672306318011, 0.929684996663
0.672244756300, 0.715545214859
0.672145797174, 0.683864622019
0.672060894268, 0.734921726846
0.671957286780, 0.887967299513
0.671704085661, 0.720787377007
0.671697342876, 0.727696841573
0.671679973632, 0.783938647047
0.671626897825, 0.747987736972
0.671601211611, -1.000000000000
0.671618658080, 0.683448162699
0.671292758990, 0.706580479456
0.671279986632, 0.672431239617
0.671200082731, 0.681995713093
0.671017664250, 0.751417673064
0.670988802760, 0.672190568522
0.670697460779, 0.697465483225
0.670691575877, 0.673596877605
0.670626614432, 0.673393625121
0.670550298372, 0.739937611393
0.670332347578, 0.726563262255
0.670175652885, 0.690712079426
0.670049430444, 0.743596351580
0.670031791654, 0.728345978222
0.670014103565, 0.773439967987
0.669958073932, 0.696624883622
0.669782190444, 0.700038660941
0.669481992729, 0.688192543806
0.669462277183, 0.674564793440
0.669356825838, 0.673093972159
0.669350464552, 0.830780884480
0.669239449115, 0.671585466451
0.669232452329, 0.800726895856
0.669036268457, 0.777714851252
0.668994673391, 0.735869762979
0.668825346505, 0.783882407603
0.668776329853, 0.737218227847
0.668594312636, 0.677513973929
0.668536447217, 0.753948716829
0.668530416969, 0.720630209398
0.668536447217, 0.819281334838
0.668248217643, 0.857758034693
0.668215512574, 0.718772559219
0.668208966397, 0.777967450720
0.667438436975, 0.712321581772
0.667036813122, 0.729767289926
0.666856062535, 0.704498033185
0.666555422083, 0.669815584827
0.666519768177, 0.754896648062
0.666469710204, 0.885515909383
0.666230104412, 0.666468407626
0.666226730446, 0.749208270325
0.666184366429, 0.672032902258
0.666184366429, 0.672032902258
0.665849632408, 0.839242654148
0.665609554707, 0.698648145965
0.665267704736, -1.000000000000
0.665190673974, 0.689202313934
0.665021744225, 0.758405661403
0.664995890366, 0.673059027335
0.664967554715, 0.707934077717
0.664945192003, 0.675327129269
0.664918700807, 0.812479727624
0.664744910079, 0.840422407611
0.664693242407, 0.691532587435
0.664618742313, 0.667832200539
0.664604054027, 0.724532295897
0.664546440565, 0.790209049754
0.664532170682, 0.682443881812
0.664283811536, 0.683905712905
0.664163538812, 0.676541347534
0.664107114518, 0.711177274153
0.664056648441, 0.799160840225
0.663937348935, 0.692455348038
0.663920263977, 0.727044640451
0.663897128880, 0.865866000559
0.663895343484, 0.676878931969
0.663882502148, 0.677085470042
0.663857108332, 0.868468966598
0.663621922881, 0.863258841689
0.663554781276, 0.696924167113
0.663550010739, 0.729510646817
0.663515670789, 0.686003980246
0.663349530849, 0.721745043944
0.663332008201, 0.687380259144
0.663110805979, 0.677397487931
0.662814403181, 0.664040688050
0.662772581604, 0.714937158402
0.662751972262, 0.674963320059
0.662633377676, 0.708317105330
0.662618002471, 0.907836233505
0.662554958399, 0.732050774277
0.662543471863, 0.676866873091
0.662483476088, 0.685425009521
0.662225173702, 0.673059027335
0.662083192421, 0.691397712511
0.662073366269, 0.746619477038
0.662032285527, 0.673081404582
0.662014235766, 0.708472322054
0.661975286760, 0.762083132377
0.661869034737, 0.665139406010
0.661826254881, 0.690387086877
0.661806546943, 0.715779087992
0.661693245261, 0.726452389406
0.661575924937, 0.664219774516
0.661556538031, 0.686927059816
0.661459886467, 0.713001778468
0.661333273315, 0.695346977829
0.661191114938, 0.747225914693
0.661093378981, 0.987603805503
0.661091001251, 0.681252080085
0.661077885694, 0.767378373691
0.660759702495, 0.983921523126
0.660678818513, 0.732671834944
0.660577540435, 0.818948864164
0.660548167008, 0.925272309445
0.660496780012, 0.771567740551
0.660419323305, 0.668778930462
0.660301206996, 0.681924918340
0.660291197800, 0.823595856676
0.660243687655, 0.834073376149
0.660242143921, 0.675333307850
0.660181631114, 0.955994149295
0.660073521929, 0.675731819560
0.660073521929, 0.776641039916
0.660025371582, 0.660798348173
0.659646183184, 0.672636283377
0.659646183184, 0.670037754089
0.659636643103, 0.687448235855
0.659636643103, 0.717394316335
0.659612191791, 0.715553471076
0.659607866215, 0.726241765160
0.659584492274, 0.775247561911
0.659507167565, 0.713782650741
0.659434246263, 0.688032354058
0.659393945035, 0.681554353146
0.659327502094, 0.666856769575
0.659266908256, 0.730153062139
0.659260914863, 0.738843525006
0.659161721977, 0.812097946254
0.658924619562, 0.728243699111
0.658881378000, 0.677893202666
0.658770729883, 0.762493244481
0.658748061550, 0.666666129604
0.658629088175, 0.750143071255
0.658277706007, 0.772469423175
0.658048679460, 0.836692965797
0.658041560823, 0.726145519052
0.657921190381, 0.705061082030
0.657885714413, 0.661028093105
0.657822134602, 0.707142720172
0.657767817960, 0.665642426896
0.657764989200, 0.712189571782
0.657578746122, 0.665696411556
0.657560495240, 0.743899095058
0.657520849913, 0.803295984455
0.657452935672, 0.720115604781
0.657265662298, 0.779439007596
0.657052797227, 0.662529307050
0.657008602045, 0.779606463570
0.657007145931, 0.709506232730
0.656880526682, 0.881535524207
0.656748361972, 0.660689720846
0.656622289204, 0.785469935929
0.656409229920, 0.868651427512
0.656181041730, 0.757435919614
0.656164473995, 0.678296064006
0.656164473995, 0.692088583921
0.656141084818, 0.663966682155
0.656073773953, 0.718451171093
0.656008407336, 0.730414502485
0.655938492465, 0.737468835309
0.655929054598, 0.668234936256
0.655829461063, 0.707367300411
0.655803317057, 0.662080986222
0.655740248202, 0.876499282334
0.655557963941, 0.713021972622
0.655424399797, 0.771928138556
0.655381717326, 0.974880169637
0.655161871485, 0.670168307223
0.654788386000, 0.679281613104
0.654767849438, 0.682678416308
0.654573636996, 0.674534600803
0.654551552610, 0.784253109815
0.654477161305, 0.707988755182
0.654359495560, 0.657229312954
0.654337543479, 0.663461903456
0.654316844624, 0.710863511925
0.654283476483, 0.721942049823
0.654206532023, 0.797821220907
0.654183154932, 0.842466264854
0.654163522394, 0.667310683190
0.654097667179, 0.726536666448
0.653900087562, 0.869984461977
0.653675043599, 0.749573315574
0.653446499189, 0.717777774343
0.653138262446, 0.672255513398
0.653057662652, 0.664390864112
0.653026605324, 0.821103618567
0.652905309730, 0.741958443084
0.652645341272, 0.719670174096
0.652582624431, 0.772386368398
0.652546908457, 0.751850285525
0.652264770951, 0.718640089958
0.652126769143, 0.798041565804
0.652088749376, 0.655244221656
0.652029209041, 0.883320464749
0.651967765199, 0.704381212324
0.651934927307, 0.666879174817
0.651838723136, 0.689137823140
0.651562311714, 0.855438931736
0.651553576918, 0.754176452272
0.651455855444, 0.686701451919
0.651002845837, 0.666302923009
0.650994596345, 0.683578459255
0.650897605497, 0.669621428834
0.650825860310, 0.666280927520
0.650600912148, 0.676198922104
0.650574120310, 0.679420253330
0.650528458974, 0.818669743180
0.650462099531, 0.660080729635
0.650381967697, 0.749636239721
0.650213397446, 0.871741626359
0.650129834195, 0.861574544531
0.649988006945, 0.716235320112
0.649927990494, 0.701055249470
0.649848872654, 0.652410762918
0.649663682133, 0.750021798062
0.649448156195, 0.685176637010
0.649389144552, 0.692700570950
0.649342841377, 0.806578408581
0.649095396673, 0.674056082371
0.649090170188, 0.778216834855
0.648872022449, 0.695296112591
0.648800562519, 0.741686564973
0.648799470267, 0.650455141166
0.648678197200, 0.665682927804
0.648572992226, 0.713155708169
0.648322045628, 0.731615580168
0.648166038332, 0.714698999291
0.648053619228, 0.753348142849
0.648040197914, 0.743107290454
0.648033951736, 0.762482943774
0.648030934051, 0.650248197822
0.648020366499, 0.863924764617
0.647981092450, 0.702996651283
0.647787537775, 0.710077996598
0.647736001035, 0.647812772009
0.647702934244, 0.727829131287
0.647623708704, 0.722652156638
0.647537294508, 0.653392780104
0.647598895230, 0.752503699846
0.647388218623, 0.839093951530
0.647294989496, 0.694742414387
0.647274740977, 0.741300751603
0.647164828051, 0.661987407370
0.647149597218, 0.657193992676
0.646904828910, 0.814355415828
0.646779904137, 0.657183194467
0.646755300340, 0.688459480692
0.646691397691, 0.707348938935
0.646651210085, 0.792289225363
0.646538200582, 0.758370843156
0.646502682421, 0.744155944857
0.646104909153, 0.800740615857
0.646100110108, 0.727886548362
0.645960699275, 0.668642884975
0.645800554305, 0.661742853749
0.645800554305, 0.806721003957
0.645482685529, 0.862430653187
0.645399557687, 0.650157940108
0.644803970509, 0.647294991776
0.644794521445, 0.712171453568
0.644191908950, 0.679976165019
0.644110291137, 0.646717441927
0.643918002417, 0.653633830110
0.643873857935, 0.658633651554
0.643485743971, 0.712971223534
0.643384997683, 0.674614885559
0.643218199720, 0.729097235274
0.643215319681, 0.649639244393
0.643108002359, 0.650540690362
0.643022922430, 0.650822230315
0.642966001378, 0.758202836806
0.642891927728, 0.743175394621
0.642702732760, 0.667834188683
0.642662021872, 0.669407168921
0.642499224651, 0.644442913582
0.642460439671, 0.753522209667
0.642406524920, 0.654325387387
0.642303588094, 0.800622597645
0.642198792083, 0.647012395325
0.642141120996, 0.753097774311
0.642132898124, 0.676086021347
0.641889235385, 0.739481862451
0.641558959259, 0.773271244785
0.641557765145, 0.643380841577
0.641304150191, 0.837255318323
0.641266041285, 0.665526507967
0.641221045329, 0.706965798648
0.641116054402, 0.643949798465
0.641109234654, 0.654405543769
0.641054671427, 0.645368588812
0.640870315727, 0.668110740896
0.640743929829, 0.643033275123
0.640727983779, 0.656145991707
0.640702895855, 0.665740874998
0.640685813311, 0.663670360877
0.640438225050, 0.675042215901
0.640400898994, 0.642005940874
0.639968888530, 0.709571161353
0.639799354261, 0.640920634144
0.639765478055, 0.685436953776
0.639716394585, 0.811775972092
0.639639020798, 0.785793213547
0.639619754774, 0.652454274740
0.639526064674, 0.701814298819
0.639457853279, 0.666431112067
0.639070610501, 0.678745995314
0.638928096131, 0.643661883340
0.638686497491, 0.650089666910
0.638329124766, 0.644869352474
0.638328912006, 0.639106624956
0.638328083560, 0.804014488258
0.638283726430, 0.663817751628
0.638278298977, 0.652649464273
0.638278298977, 0.674153476106
0.638169610313, 0.677474265409
0.637923749672, 0.644961958809
0.637832602398, 0.724862281990
0.637726756615, 0.647209708156
0.637654305538, 0.724288322091
0.637649921532, 0.742562375587
0.637588439670, 0.834228743704
0.637501091930, 0.641403734974
0.636985646221, 0.760890247394
0.636821931937, 0.683425880314
0.636634144488, 0.686394709737
0.636573242757, 0.673120476382
0.636437123947, 0.653569578685
0.636179140589, 0.751394448696
0.636128940326, 0.666121754657
0.636037732343, 0.663655879116
0.636046624149, 0.680665236747
0.635877592381, 0.744211064711
0.635646594102, 0.652876730535
0.635463567128, 0.814263827900
0.635383268389, 0.640846149974
0.635374548406, 0.799987576332
0.635236440680, 0.667170518783
0.635226996501, 0.799380993484
0.635217258623, 0.800349020638
0.634954309730, 0.657992316478
0.634876943155, 0.705482540172
0.634828778538, 0.663205051256
0.634828778538, 0.853524713962
0.634533116355, 0.776082802890
0.634400224919, 0.670641723872
0.634301305889, 0.671199652312
0.634236900675, 0.684579541660
0.633968996122, 0.741971014934
0.633911041582, 0.794055443896
0.633782365959, 0.661341296126
0.633619466739, 0.801423331410
0.633431161085, 0.647280379552
0.633063691532, 0.678360551748
0.632989064790, 0.651509513492
0.632658516777, 0.659888454044
0.632449956292, 0.706668207705
0.632343948340, 0.686812243669
0.632048381400, 0.635480144944
0.631814717355, 0.809054117297
0.631455632832, 0.631760861170
0.631132304336, 0.671575587316
0.631108020425, 0.676135206908
0.630978634438, 0.675392919091
0.630833851673, 0.673150276411
0.630682897140, 0.856061408429
0.630432515355, 0.652891591472
0.629948336524, 0.647189627662
0.629857085301, 0.790307763652
0.629687643558, 0.633438081456
0.629620390187, 0.646835499105
0.629464342147, 0.687729297591
0.629384662144, 0.790338226319
0.629347421545, 0.718093331433
0.629314152306, 0.632258371143
0.629283743438, 0.717547972053
0.629162311257, 0.695413322244
0.629131129508, 0.637853104564
0.628978316409, 0.717807657527
0.628819005698, 0.696059262352
0.628780918872, 0.761485299162
0.628750612835, 0.673768355041
0.628631999491, 0.635684093573
0.628625699936, 0.642170133069
0.628340560484, 0.631652627858
0.628272307189, 0.841984228067
0.627989654923, 0.628371282805
0.627846577042, 0.656841906756
0.627589676470, 0.698600512691
0.627564540412, 0.664578168282
0.627393650126, 0.634199095328
0.627317449873, 0.640168874147
0.627309172785, 0.837498407771
0.627235541089, 0.855497949078
0.627122743584, 0.749388940276
0.626983217916, 0.680869772423
0.625971517535, 0.640567517243
0.625903220687, 0.659424277376
0.625887731288, 0.894256804761
0.625775855318, 0.658169180793
0.625661855806, 0.629192303822
0.625554658363, 0.731813929032
0.625378503898, 0.641428545354
0.625323465520, 0.727638664572
0.625191831820, 0.710390339050
0.624870016103, 0.711405442613
0.624562701807, 0.725357581000
0.624107075216, 0.637501461500
0.623987548746, 0.646905554098
0.623910451736, 0.662087311098
0.623788172134, 0.627912291530
0.623764275886, 0.712154420330
0.623715908318, 0.662402787654
0.623691586370, 0.647402411913
0.623509361333, 0.894820007649
0.623346322626, 0.630059597759
0.623192171605, 0.708018646989
0.623188613909, 0.704915023411
0.623043353001, 0.626536695631
0.623026845721, 0.693760415647
0.622970180936, 0.711025065364
0.622783594985, 0.721325423228
0.622506372954, 0.727231904828
0.622241875395, 0.648546408964
0.622124109175, 0.720377066500
0.622080213995, 0.632129158606
0.621950622152, 0.680965697564
0.621633913879, 0.637294178968
0.621485466942, 0.700481497549
0.621186861297, 0.686096237791
0.620693464430, 0.650409817125
0.620626811117, 0.631319905849
0.620605639141, 0.638953326463
0.620540775622, 0.683347112804
0.620274731836, 0.645711245157
0.620207191833, 0.760321319905
0.620161566397, 0.642492041580
0.619983178706, 0.719353972542
0.619976745416, 0.638000547180
0.619970417319, 0.679752228884
0.619889298683, 0.639805617559
0.619874491864, 0.654770037030
0.619668031904, 0.667690274611
0.619433117321, 0.644786826250
0.619000710438, 0.635655316563
0.618957643155, 0.659728111382
0.618915290818, 0.714206622407
0.618767965740, 0.717174771868
0.618763747616, 0.631050170165
0.618628156646, 0.638236210486
0.618465666773, 0.702217576918
0.618446421665, 0.629263921765
0.618231457497, 0.618816528891
0.618189646782, 0.636510042056
0.617944412393, 0.659229374156
0.617551009681, 0.780408685407
0.617448059392, 0.676871369864
0.617222929866, 0.640997693255
0.617023926247, 0.640716209471
0.616951961486, 0.686325267717
0.616830444673, 0.624826497206
0.616794824939, 0.799826787076
0.616794102566, 0.733464116893
0.616696449041, 0.655594358404
0.616615832750, 0.633605201548
0.616603677972, 0.629239493838
0.616201200030, 0.726449991284
0.616111038353, 0.629552701248
0.616038639411, 0.647175135108
0.615963058936, 0.760921508689
0.615707341020, 0.629475576734
0.615699276917, 0.685474158742
0.615392202791, 0.634495773590
0.615008741985, 0.617990819407
0.614961932298, 0.637389681015
0.614765738964, 0.637816705623
0.614372679105, 0.649648343410
0.614255557685, 0.667666210446
0.614004716500, 0.753741553500
0.613905457005, 0.618114212931
0.613692793838, 0.621287135487
0.613336314572, 0.614004217902
0.613174544637, 0.667320006607
0.612737411775, 0.669511996150
0.612411351585, 0.710514506182
0.612349983343, 0.639263189138
0.612288225772, 0.780535006214
0.612210651552, 0.670753392162
0.612188452924, 0.652653847791
0.611564705852, 0.624891040034
0.611041202494, 0.728700933461
0.611019919898, 0.676156133505
0.611019919898, 0.677944062562
0.610766670064, 0.646956419017
0.610418246748, 0.622491258276
0.610395151072, 0.649825861255
0.610271949048, 0.649426771428
0.609865665801, 0.767823446055
0.609140114911, 0.685202429575
0.608964854298, 0.646230707249
0.608520834545, 0.664919609331
0.608517543887, 0.783827107304
0.607976181028, 0.698017875541
0.607773999183, 0.623869681442
0.607690166704, 0.626916863443
0.607565227412, 0.629902405608
0.606829647874, 0.789186431918
0.606671393199, 0.610546115782
0.606605457769, 0.616573655872
0.606512634404, 0.810383077266
0.606476191735, 0.631424686892
0.606348788544, 0.655709452004
0.605855581006, 0.655140849414
0.605625642063, 0.753302035510
0.605391820703, 0.637586178124
0.604944359009, 0.658174143765
0.604919259367, 0.611487838194
0.604716344605, 0.609273499614
0.604683373160, 0.643797776635
0.604417001201, 0.645618826621
0.604417001201, 0.673889046388
0.604413949207, 0.673941269360
0.604198376713, 0.612348118564
0.604006089164, 0.612162289583
0.603974458433, 0.649030226822
0.603688617447, 0.622970139591
0.603604189736, 0.650155188587
0.603326560783, 0.752561930999
0.603037117711, 0.622918814194
0.602987125418, 0.622364006681
0.602945916164, 0.619580432980
0.602930955653, 0.629796656811
0.602928486279, 0.629461717181
0.602793951709, 0.679759701861
0.602557756455, 0.649683677666
0.601945977753, 0.604739810250
0.601825522719, 0.681617615158
0.601715497060, 0.665834636065
0.601713406575, 0.657937329033
0.601330524392, 0.606147057199
0.601056426444, 0.659504982450
0.601046744578, 0.632361056176
0.600905353940, 0.680565632731
0.600846195346, 0.626904947032
0.600823007425, 0.635119313360
0.600267707135, 0.600377676730
0.600527146406, 0.608505220977
0.600457564784, 0.606283469945
0.600318776028, 0.706660950432
0.600106204633, 0.663870246036
0.599956402795, 0.647504560604
0.599956402795, 0.659741934508
0.599934951434, 0.616574556382
0.599810047802, 0.601181956495
0.599581279386, 0.691408440796
0.599447859915, 0.609040385197
0.599409872828, 0.620249761017
0.599101058578, 0.618565082969
0.599002753154, 0.617098676428
0.598773267853, 0.700955824272
0.598762097444, 0.616025708074
0.598676931745, 0.640123163570
0.598608698012, 0.656720401317
0.598094964786, 0.642395546951
0.598017653787, 0.704118514154
0.597869655783, 0.627489477836
0.597096347334, 0.600401642771
0.596665489557, 0.659540648307
0.596232560908, 0.600485119008
0.596170003141, 0.599024926437
0.595973506296, 0.601251470328
0.595512307422, 0.609759759060
0.595365233785, 0.676071288917
0.595229067426, 0.597895848364
0.595004246952, 0.632283814001
0.594861045040, 0.641418458794
0.594730736750, 0.607371239485
0.594712869088, 0.623226233203
0.594647689120, 0.597329069653
0.593857853805, 0.611909390686
0.592712380310, 0.607655339413
0.592606536776, 0.596212231164
0.592260274286, 0.606000588501
0.592226757464, 0.638334825548
0.592028665249, 0.617155872664
0.591754772274, 0.614423760848
0.591513423991, 0.645939706135
0.591381591437, 0.626901035364
0.591221467872, 0.608605486645
0.591048959722, 0.783133020860
0.591005937435, 0.687241668633
0.590967216507, 0.677727910514
0.590525234807, 0.596883448139
0.590472950327, 0.613978204559
0.590286888660, 0.595673724481
0.590103352149, 0.608460462353
0.589990443334, 0.609920513898
0.589715143009, 0.615705691329
0.589585324125, 0.640192956197
0.589564481651, 0.606432493215
0.589199119679, 0.615368056674
0.588954489749, 0.655064664960
0.588837314134, 0.652675447359
0.588785717686, 0.634194459185
0.588686537462, 0.598814002606
0.588620451429, 0.613144513246
0.588450878042, 0.603008853542
0.588277092436, 0.607652415950
0.588252581734, 0.609774884089
0.588072819599, 0.612060777151
0.588002019665, 0.614855557868
0.587779475809, 0.596389112901
0.587631585667, 0.597321309586
0.587779475809, 0.664767199173
0.587396729163, 0.717470635827
0.587070150608, 0.596291980144
0.586956639949, 0.600726678498
0.586598483257, 0.655004567644
0.586284151760, 0.591774496786
0.586249731832, 0.645054658360
0.585870601563, 0.627942923322
0.585770214849, 0.671931089239
0.585470896059, 0.641164479620
0.585366646895, 0.614014287057
0.585207582756, 0.599596094643
0.584855754902, 0.644184910366
0.584812549065, 0.661990666443
0.584737698878, 0.641792379214
0.583981667339, 0.636313031192
0.583932502310, 0.609414546807
0.583913836685, 0.663406944069
0.583791101940, 0.601397833059
0.583500045587, 0.598223112055
0.583257232580, 0.670246399681
0.583132329276, 0.590889102832
0.582669816762, 0.596154748123
0.582555234069, 0.618448357605
0.581978880616, 0.585933189614
0.581806805645, 0.603208924123
0.581591974481, 0.640480525805
0.581389044121, 0.599887815415
0.581366374372, 0.632324127444
0.581178563335, 0.725674533547
0.580998488740, 0.584717757126
0.580911033575, 0.638432979130
0.580859598345, 0.585707607680
0.580831741848, 0.586067589327
0.580500597002, 0.633233952328
0.580429417264, 0.588019748041
0.580389616190, 0.632325797807
0.579883439775, 0.594355271789
0.579409607601, 0.608460471173
0.579291696051, 0.583176918143
0.579286339515, 0.590968696342
0.579179135903, 0.581102986748
0.578423796761, 0.580032664055
0.578175130936, 0.623912838035
0.578085747243, 0.614661936478
0.578018625642, 0.625561794021
0.577837609241, 0.597340910420
0.577825841063, 0.596451956514
0.577730488788, 0.668471995467
0.577718195474, 0.586862919044
0.577401318421, 0.621980854390
0.576963801396, 0.577858811475
0.576863870678, 0.614090203051
0.576486860474, 0.663472610666
0.576395425319, 0.586967344402
0.576174693104, 0.627626923445
0.575971008739, 0.612186564086
0.575781216760, 0.666293764903
0.575385998706, 0.715577324221
0.575331263800, 0.606109651980
0.575181724133, 0.595633731919
0.574990503801, 0.585214132560
0.574944348896, 0.627839830800
0.574421215186, 0.576751952211
0.573830165146, 0.589808369454
0.573371810169, 0.622308942689
0.573323644277, 0.585701691155
0.573196193936, 0.585158386691
0.573121812294, 0.574040083284
0.573033134585, 0.578668091561
0.573074639373, 0.628304697248
0.572956418270, 0.591639599015
0.572920506121, 0.618931644162
0.572843271565, 0.576980531592
0.572842943484, 0.587511873744
0.572665618833, 0.602810971931
0.572651169629, 0.574871749463
0.572365367417, 0.589219540252
0.572127945027, 0.679553380399
0.572069787558, 0.621264802710
0.572011776466, 0.615972481407
0.571906342488, 0.599916712680
0.570649960681, 0.591037589317
0.570043178505, 0.571113211632
0.570016570328, 0.592253249456
0.569940513259, 0.573463250175
0.569556019072, 0.647408919467
0.569276886153, 0.600920105995
0.568889292327, 0.579429530780
0.568593955597, 0.584426688775
0.568177044340, 0.617450208361
0.567998003948, 0.626177350882
0.567786812586, 0.573195515205
0.567675830944, 0.590466187279
0.567362300245, 0.612465284649
0.567296121884, 0.581707654043
0.567201079492, 0.571438935080
0.567105197377, 0.600778599948
0.566887329872, 0.601334072841
0.566636348462, 0.603368196011
0.566404541987, 0.622606326564
0.566150293108, 0.578553669426
0.566096359335, 0.611546906439
0.565826716450, 0.574206331455
0.564680315032, 0.698488284619
0.564547342246, 0.568757052666
0.564466096017, 0.568713219907
0.564299330117, 0.592541102455
0.563924679267, 0.636690275165
0.563842354616, 0.574261329295
0.563691781960, 0.603909875658
0.563490732823, 0.572187374964
0.562535892203, 0.595902205702
0.562264747420, 0.588677595232
0.562194199884, 0.586924313802
0.561455963284, 0.611937788226
0.561322478835, 0.579319448650
0.561049251657, 0.631290937741
0.560896660179, 0.583697691645
0.560737536713, 0.607711539452
0.560648473667, 0.573910540149
0.560097161745, 0.595619941467
0.559812277979, 0.563988793599
0.559451448522, 0.618602868058
0.559181573401, 0.587286815168
0.558695032202, 0.629134744724
0.558668014987, 0.603856685226
0.558654111842, 0.617923897328
0.558453744336, 0.612858297175
0.558174822103, 0.627606149275
0.557830680843, 0.572447674480
0.556898877543, 0.591156691128
0.556810078758, 0.559389610871
0.556758925841, 0.584090533085
0.556611751559, 0.588023365302
0.556303102585, 0.608262839040
0.556009819409, 0.609154284264
0.555308249473, 0.577881515569
0.555218889504, 0.619094013694
0.555139592863, 0.589682942030
0.554670105550, 0.597879816517
0.554615738141, 0.558260807794
0.554183518153, 0.575543809465
0.553827204038, 0.626227939476
0.553465617771, 0.577681439673
0.553261282227, 0.584556971859
0.553223641836, 0.559282914160
0.553205327270, 0.585325540946
0.553149212696, 0.608405939359
0.551989479874, 0.586934922402
0.551915338772, 0.564641800763
0.551866803420, 0.654580610302
0.551767235739, 0.614458464061
0.551643227721, 0.608460124298
0.551615378691, 0.564239173376
0.551610969927, 0.581258275257
0.551575642366, 0.556025858173
0.551348492958, 0.647649158201
0.551055421575, 0.637312736029
0.550595886192, 0.555812965729
0.550193308604, 0.644401914683
0.549768596591, 0.623602129662
0.549661487274, 0.557825657875
0.549568145465, 0.614751890468
0.549450437154, 0.561825170594
0.548508047543, 0.549199572575
0.548432157509, 0.560878478198
0.548277236430, 0.571339342095
0.548066068137, 0.553987720902
0.547696656407, 0.557507123729
0.547538690434, 0.557472262709
0.547480969846, 0.583845535746
0.547480969846, 0.548893659016
0.547260306539, 0.599281641895
0.547125141385, 0.563562396544
0.547025668723, 0.565811626882
0.545933411027, 0.552045039920
0.545531988017, 0.583337296401
0.545039794061, 0.579418020016
0.545090995040, 0.591435299331
0.544802581827, 0.559938545846
0.544477465117, 0.560731124413
0.544369187588, 0.560607998004
0.544221170454, 0.555425673996
0.542596339357, 0.555429642792
0.542522695758, 0.558834481689
0.542399831908, 0.588835657025
0.542103711951, 0.545206077277
0.541568386645, 0.551933319899
0.540599494311, 0.541637956773
0.540375433501, 0.594412539936
0.539892374142, 0.622755366607
0.539857081272, 0.552426919948
0.539853535326, 0.584921511197
0.539743226075, 0.583514588870
0.539003341091, 0.542495202228
0.538766984900, 0.544060466643
0.537550308330, 0.556443474401
0.537276910122, 0.552643029379
0.537221069431, 0.552524383774
0.536995197241, 0.544229825191
0.536154862028, 0.592521330555
0.536056202775, 0.575279768386
0.535818979453, 0.655786900715
0.535194916876, 0.591888531890
0.534688548181, 0.584312630242
0.533031694813, 0.535348773022
0.532655595628, 0.584787244883
0.532555964158, 0.534355276922
0.532466823518, 0.537094395510
0.531560658383, 0.563420960930
0.531262559617, 0.578317775100
0.530999271074, 0.559186236370
0.530909834929, 0.590125477070
0.530812467493, 0.603162672306
0.530465991887, 0.538017732389
0.529504828775, 0.579516626570
0.529249577331, 0.532756138640
0.528982335260, 0.530358616844
0.528357017333, 0.530156562081
0.525956773375, 0.574775324938
0.525339719144, 0.530944071293
0.524880200391, 0.534740725083
0.524703398049, 0.539602357269
0.523809760407, 0.610707487228
0.523700526170, 0.551553024345
0.521013307616, 0.563576984426
0.520763790156, 0.530284087726
0.520061189589, 0.547350984435
0.520002279940, 0.559876792815
0.519867729234, 0.531126499353
0.518625761695, 0.541633960213
0.518056443644, 0.520354271242
0.516945240989, 0.535627264307
0.516881279839, 0.537981384141
0.516635971801, 0.567831950523
0.516226909247, 0.542382764908
0.515882308219, 0.526399336721
0.513620557430, 0.550575891360
0.512724015684, 0.522165331551
0.512347897542, 0.527748152063
0.511915239343, 0.582187634201
0.511731674244, 0.512693077740
0.511529370518, 0.546546393254
0.511295617749, 0.556918269187
0.510948268685, 0.517563981043
0.510327583828, 0.546925599654
0.510316566917, 0.538436478634
0.510018707361, 0.527550720790
0.509922094220, 0.570206894465
0.509650721429, 0.564310494186
0.508591147529, 0.538590572998
0.508220419187, 0.543669770556
0.507914739885, 0.550162993476
0.507483120952, 0.515192515885
0.507227536782, 0.539287783431
0.506918473862, 0.520453134870
0.505953509491, 0.523445797561
0.504970418441, 0.520753079583
0.504937708731, 0.535964388812
0.502990397990, 0.522193467560
0.502370727923, 0.503998349788
0.502303646923, 0.516063217673
0.502084177164, 0.580443251372
0.501953705345, 0.508416790795
0.501825738394, 0.572529555810
0.501768070450, 0.529622115990
0.501651639899, 0.532764890063
0.501256653674, 0.503755102686
0.500609947967, 0.505223953959
0.500066774818, 0.547716482793
0.499740462263, 0.503404288355
0.499079892347, 0.547708758671
0.498858996143, 0.536385404219
0.498741915479, 0.516777895884
0.497627431555, 0.530804491835
0.496240480768, 0.501126111182
0.494782206076, 0.504234312805
0.493568765000, 0.496939429038
0.492966217599, 0.533477553736
0.490841219952, 0.528946426722
0.489612280386, 0.496514395928
0.489447823335, 0.502406275160
0.488403482746, 0.522548663008
0.487851608737, 0.517386857840
0.487122619865, 0.491387080931
0.484355233747, 0.496600926308
0.483752559933, 0.547486732889
0.482540545850, 0.489745209952
0.482154673136, 0.518404522696
0.481315798751, 0.520233377030
0.480076686415, 0.520119098019
0.478410361756, 0.486007773321
0.477373912254, 0.478852469836
0.476951256828, 0.512353754629
0.475119327373, 0.515001183529
0.473409944241, 0.485132416323
0.473001196798, 0.474034199361
0.472933455213, 0.515265528091
0.469979913389, 0.472262890435
0.466193562286, 0.492764265179
0.465108586903, 0.474071471434
0.459055518243, 0.515709244317
0.459008147917, 0.479617000940
0.457155999501, 0.457878685493
0.456056143478, 0.480426386907
0.455070977756, 0.471530535528
0.455040822781, 0.486122441112
0.454705641420, 0.461993645620
0.454660911883, 0.459608503493
0.453081435122, 0.515711782265
0.449619729425, 0.529247868413
0.449550316117, 0.465822880405
0.448219036734, 0.453017202874
0.445540135329, 0.451875778135
0.443558256629, 0.463111774023
0.443337099440, 0.450795365450
0.442536973904, 0.455056966394
0.442341161454, 0.445812079524
0.440109187728, 0.441256157032
0.439556050705, 0.451276489814
0.437189169818, 0.449801331562
0.432673555718, 0.445772716307
0.427865150039, 0.434494039916
0.424969679395, 0.435002120456
0.423178324335, 0.448031305356
0.422222648425, 0.431704156961
0.420561461135, 0.425040543577
0.419648880896, 0.420184599286
0.418883017043, 0.427486389120
0.417619125641, 0.469300864496
0.411837684986, 0.422902091236
0.404595568942, 0.406387828398
0.395411757986, 0.403481144750
0.376168670225, 0.467109143061
0.371085432892, 0.371790500914
0.366653860897, 0.399776548867
0.344219316348, 0.358292414794
