0.018571464670, 0.018678811525
0.018137599069, 0.019463124107
0.015920069095, 0.016058412126
0.015507494962, 0.015608750751
0.015496328597, 0.017700059322
0.015414687801, 0.018078985038
0.015170807493, 0.016567712576
0.014964858837, 0.015083785997
0.014946016192, 0.014959478601
0.014864867978, 0.015304937112
0.014709962610, 0.018370304842
0.014602006711, 0.017291980800
0.014093136627, 0.014148879814
0.013899820143, 0.015713793304
0.013594355446, 0.014541488920
0.013448620747, 0.013494072773
0.013398201372, 0.014583871228
0.013391415160, 0.013615318579
0.012905576314, 0.012995037514
0.012683867707, 0.013631148154
0.012385725655, 0.013503132970
0.012273895062, 0.013586986421
0.011929664706, 0.012316501127
0.011901789781, 0.013598389611
0.011783696364, 0.013826152755
0.011741895077, 0.011984556729
0.011604038090, 0.011763511381
0.011549008615, 0.013149479077
0.011455212787, 0.012494098607
0.011449620081, 0.012840630826
0.011448082809, 0.011715758618
0.011230970572, 0.011265038837
0.011168621222, 0.011217972188
0.011132439086, 0.011196454796
0.011127349190, 0.011284032967
0.011115547670, 0.011150905793
0.010983683353, 0.011119892086
0.010929931381, 0.010999540900
0.010819191282, 0.011059059635
0.010723921857, 0.010768983239
0.010443974339, 0.010570742642
0.010369459967, 0.010540526552
0.010356089996, 0.011022363630
0.010344370450, 0.010717201127
0.010334839138, 0.010482967137
0.010148379181, 0.010423286430
0.010108753632, 0.010305246237
0.010070004965, 0.010199122511
0.010030558309, 0.010127916864
0.014155034440, 0.019673827792
0.013032367398, 0.014894525840
0.012914093077, 0.014260708257
0.012756668844, 0.014602099164
0.012281107442, 0.015446828153
0.012160287826, 0.014936917353
0.011958862822, 0.018347013381
0.011770989763, 0.015748288796
0.011721697829, 0.017145392967
0.011493058775, 0.014349766549
0.011318149142, 0.014054301833
0.011214905260, 0.012930123743
0.011186469506, 0.012128635537
0.011072786461, 0.012889503482
0.011042128418, 0.013506709444
0.010970200545, 0.011320697858
0.010931353987, 0.012244325216
0.010902119060, 0.013150136881
0.010821968398, 0.011849329095
0.010773857248, 0.012051672083
0.010754468839, 0.012355164912
0.010728466806, 0.011489499554
0.010716921200, 0.013704356971
0.010689176769, 0.012411627613
0.010658147119, 0.014094658563
0.010608223225, 0.014320635461
0.010576488075, 0.011407273995
0.010524585503, 0.011614839646
0.010485942971, 0.011347061294
0.010464253437, 0.011447060758
0.010321303212, 0.010945186156
0.010264092751, 0.012268039778
0.010261725001, 0.011090491423
0.010251365763, 0.011699448705
0.010237387362, 0.010858545022
0.010231769153, 0.011253897103
0.010216286018, 0.011082783946
0.010190711457, 0.011317689694
0.010177057532, 0.011036942511
0.010133237390, 0.014446002907
0.010050044776, 0.012665208249
0.009980345685, 0.012139789949
0.009974337071, 0.011810270954
0.009960095381, 0.010329031900
0.009947391618, 0.012824332341
0.009880981733, 0.010265427414
0.009840777408, 0.009881295462
0.009818401092, 0.009870536966
0.009812497134, 0.010107670355
0.009812043620, 0.009982068924
0.009775218668, 0.010177401437
0.009758073580, 0.010233870236
0.009744270111, 0.009993447853
0.009739866529, 0.010493736227
0.009733786519, 0.009979729455
0.009696911880, 0.011415261714
0.009687615806, 0.010787168303
0.009665531543, 0.010444907850
0.009650642466, 0.009761034781
0.009553187950, 0.010336972477
0.009542352959, 0.009668024617
0.009526520876, 0.010640474613
0.009443632776, 0.009717175516
0.009442822671, 0.010607077826
0.009407023971, 0.010104642497
0.009377478339, 0.010203832613
0.009370090715, 0.009778200243
0.009357953836, 0.010351763135
0.009352545108, 0.010556159339
0.009242456383, 0.010246409127
0.011542673001, 0.015495457399
0.011516444764, 0.015058143976
0.011376132911, 0.014476190797
0.011321965377, 0.017959844097
0.010652520828, 0.014797979592
0.010317310696, 0.018535509165
0.010265972920, 0.014921977081
0.010208442584, 0.017145637929
0.009881568701, 0.013590312726
0.009842006909, 0.013630275126
0.009786858536, 0.012496247437
0.009576512935, 0.012583997775
0.009531998741, 0.013257439421
0.009524064258, 0.014080443885
0.009492623452, 0.011875714715
0.009488060919, 0.013663213385
0.009465183569, 0.011420661102
0.009458049482, 0.011157934397
0.009285370213, 0.011925124737
0.009227686601, 0.013309462799
0.009210309441, 0.011282947310
0.009195373837, 0.011318878036
0.009175053133, 0.013648047479
0.009164202093, 0.012659786728
0.009162827075, 0.012684616667
0.009156025339, 0.009234738762
0.009145364946, 0.009919778223
0.009131861804, 0.010455147058
0.009102428247, 0.009193579281
0.009094003519, 0.011167372117
0.009082125302, 0.011187251673
0.009024333770, 0.009923965941
0.009010144283, 0.009841646204
0.009006358865, 0.011068134441
0.008999211077, 0.011107659519
0.008989154576, 0.013161584251
0.008937784960, 0.011171982814
0.008935328757, 0.011236738851
0.008898179589, 0.011018243962
0.008891479067, 0.012859401230
0.008861292231, 0.010485180018
0.008857087557, 0.010640018797
0.008832293021, 0.012608905583
0.008828420017, 0.011261056789
0.008766470213, 0.009028814983
0.008754478854, 0.009157428678
0.008707870004, 0.009250199998
0.008704596487, 0.009693394658
0.008652987923, 0.009113182759
0.008607467688, 0.009385574037
0.008577144047, 0.009915013868
0.008561337512, 0.009438373801
0.008553882160, 0.009028538088
0.008517423319, 0.009138429843
0.008481420872, 0.009090049505
0.008460992850, 0.009266498799
0.008424903560, 0.008498199809
0.008423312887, 0.008703482062
0.008414677653, 0.008592002095
0.008414451854, 0.010296266314
0.008386966078, 0.008771117375
0.008382612958, 0.009189156653
0.008359168619, 0.008721072182
0.008331248406, 0.008690747954
0.008318443364, 0.010081289600
0.008275898743, 0.009821990633
0.008253938454, 0.008352017720
0.008242736196, 0.008514446547
0.009935059134, 0.014635508191
0.009714818578, 0.014929578025
0.009525549853, 0.015243113199
0.009005986898, 0.014547917377
0.008817199102, 0.010899545862
0.008789004494, 0.010931884558
0.008747525364, 0.011037866642
0.008729249681, 0.010442384785
0.008701517109, 0.010810106382
0.008641469782, 0.010641630514
0.008581520844, 0.013902190475
0.008578548828, 0.011322521804
0.008572082594, 0.013385925444
0.008541217712, 0.010785907472
0.008511327746, 0.012439654336
0.008506150716, 0.012345691556
0.008391215645, 0.012220859217
0.008369671439, 0.010406925579
0.008333624662, 0.010899623847
0.008298644468, 0.011568599742
0.008269014452, 0.011200968708
0.008260805046, 0.011504581696
0.008243118342, 0.013585293519
0.008232557318, 0.011197968566
0.008223411701, 0.011005566773
0.008207411285, 0.008287906853
0.008193839149, 0.012264725843
0.008146318187, 0.011807650063
0.008145636869, 0.009401388195
0.008140429964, 0.009668112536
0.008097758949, 0.008363312741
0.008093015507, 0.008962064494
0.008064459064, 0.009188122768
0.008056810783, 0.008786700177
0.008041958717, 0.009096246479
0.008036149576, 0.009087419876
0.007998981185, 0.010174816952
0.007998699894, 0.009217217584
0.007996874389, 0.010752236977
0.007994022767, 0.008514722544
0.007972471386, 0.008829071299
0.007965054928, 0.010677382638
0.007888909937, 0.008323496861
0.007875004762, 0.008282403033
0.007865093769, 0.008058591688
0.007829693481, 0.007864756830
0.007768120751, 0.007935048834
0.007724836568, 0.008384235207
0.007701960789, 0.007711867478
0.007676522650, 0.008215753161
0.007626755536, 0.007883565183
0.007624827867, 0.008355136145
0.007589505913, 0.008033710226
0.007534387832, 0.007770598433
0.007533080379, 0.008130959353
0.009382611577, 0.021543411986
0.009263071845, 0.015291451860
0.009229891657, 0.016769379833
0.009081789471, 0.017589872086
0.008807235662, 0.015925561215
0.008255743455, 0.016462791379
0.008109901356, 0.011054089741
0.008094973749, 0.012565150218
0.008031394649, 0.011541447050
0.008022350030, 0.012983389388
0.007985461790, 0.011300553084
0.007955784059, 0.010069245255
0.007950000000, 0.009836411947
0.007947817310, 0.010818770725
0.007892946218, 0.012179675694
0.007825458453, 0.010009440544
0.007811849973, 0.011407124966
0.007805933641, 0.008912782955
0.007785942461, 0.009122050208
0.007762113114, 0.012432336868
0.007743577984, 0.011769983008
0.007734507095, 0.008713380515
0.007719695590, 0.013154885024
0.007689603371, 0.009096142039
0.007659366815, 0.010663897036
0.007642852870, 0.009317440636
0.007623719565, 0.008771117375
0.007612371510, 0.013368833158
0.007550423829, 0.009259924406
0.007547350528, 0.009027325185
0.007545972436, 0.011954651814
0.007533856914, 0.008622325672
0.007533730815, 0.008663232653
0.007497719653, 0.008556342677
0.007494751497, 0.007520970682
0.007467402494, 0.008251266569
0.007467061001, 0.007680273433
0.007448523344, 0.007660202347
0.007435179890, 0.008862561706
0.007403418129, 0.007885841743
0.007388971512, 0.007762757242
0.007326465724, 0.008833877971
0.007304060515, 0.007651280939
0.007300883508, 0.008127299675
0.007281277360, 0.007674021110
0.007200277772, 0.007329945430
0.007154599919, 0.007551655448
0.007142527564, 0.007365018669
0.007103872184, 0.007137653676
0.007059589223, 0.007140896302
0.007037684278, 0.007264908809
0.007031457886, 0.007192975740
0.007020149571, 0.007621377828
0.007014591934, 0.007156151200
0.007011076950, 0.007111012586
0.007010349492, 0.007529555100
0.007008023973, 0.007292194457
0.008875285911, 0.017533579212
0.008346771831, 0.018971910816
0.008108150221, 0.016065876882
0.007972810044, 0.015994377137
0.007887160452, 0.017215472692
0.007810569762, 0.017848190384
0.007499899999, 0.012188199211
0.007459101823, 0.012533706555
0.007437613865, 0.009453687111
0.007307537205, 0.009850507601
0.007306414990, 0.014023651450
0.007286981542, 0.013884584978
0.007279017791, 0.009886814452
0.007269147130, 0.016855886212
0.007266539754, 0.009938153752
0.007264296249, 0.009846410513
0.007237810442, 0.012924225315
0.007232758810, 0.008087886003
0.007225828672, 0.010790477283
0.007224264668, 0.008386542792
0.007223108749, 0.007916381749
0.007213917105, 0.012451839222
0.007180013928, 0.010265519958
0.007171122646, 0.007926777403
0.007169560656, 0.009671757855
0.007143619531, 0.011843922492
0.007121193720, 0.007753257380
0.007119761232, 0.009099681313
0.007117035900, 0.011252084251
0.007114000281, 0.007987377542
0.007089033785, 0.008636405502
0.007061685351, 0.011217722585
0.007040624972, 0.009495277774
0.007014848537, 0.011961609423
0.007000864232, 0.007707561223
0.006992431623, 0.007599796050
0.006976997922, 0.007264853749
0.006965127422, 0.008635427031
0.006963009407, 0.008637893262
0.006961249888, 0.008638709394
0.006886958690, 0.007310341989
0.006797212664, 0.007203894780
0.006778864212, 0.007376740473
0.006749740736, 0.006775551638
0.006736809334, 0.007023396614
0.006692458442, 0.007442647378
0.006689499234, 0.006773987009
0.006668590556, 0.007107327205
0.006652443160, 0.006983673818
0.006625707509, 0.006632729453
0.006602817580, 0.006877441385
0.006598128523, 0.006932084823
0.006477545832, 0.006662702155
0.006451643202, 0.006695334196
0.006437049013, 0.006437864553
0.007800634590, 0.020318577706
0.007622630779, 0.017576691953
0.007610000000, 0.019798012527
0.007511404662, 0.017690036744
0.007207503035, 0.014996019472
0.007180731161, 0.014562860296
0.007150174823, 0.015829140848
0.007008830145, 0.013383056452
0.006952733275, 0.011348519727
0.006937787832, 0.007793157255
0.006919602590, 0.010820402026
0.006908183553, 0.011451838280
0.006896448361, 0.008872215056
0.006891371416, 0.007816245902
0.006878117475, 0.007948905585
0.006874227229, 0.008508701429
0.006873674418, 0.007971285969
0.006860284251, 0.008571755946
0.006859271098, 0.008117647442
0.006825503644, 0.008351969828
0.006822389611, 0.008307382259
0.006794600798, 0.009353405797
0.006781098731, 0.008535180139
0.006745783868, 0.008164226846
0.006695871863, 0.008881092275
0.006630610832, 0.007986137990
0.006587343926, 0.009113073027
0.006576305954, 0.008167674088
0.006551175467, 0.007248137692
0.006537652484, 0.009469134068
0.006528790087, 0.010522361902
0.006479398120, 0.007286020862
0.006463164859, 0.007663282586
0.006457871166, 0.007912016178
0.006456670969, 0.007779113060
0.006429626739, 0.007018226272
0.006421253772, 0.007205477083
0.006417328104, 0.007146509638
0.006405630336, 0.008302806754
0.006403881635, 0.006538034873
0.006389452246, 0.006592070995
0.006378730281, 0.007506830223
0.006362208736, 0.008727090008
0.006339132433, 0.007009001355
0.006322191076, 0.007245860887
0.006317539078, 0.008530252048
0.006269688988, 0.006591069716
0.006261693062, 0.006357743310
0.006240040064, 0.006646389998
0.006228330434, 0.006299849205
0.006215279559, 0.007010855868
0.006197047684, 0.006704065930
0.006173532214, 0.007053828748
0.006125210200, 0.006257563424
0.006081734950, 0.006290055644
0.006081192317, 0.006242499499
0.006068228737, 0.006570943616
0.006048545280, 0.006595612178
0.006046445237, 0.007111821145
0.006038948584, 0.006177977015
0.006031890251, 0.006645494714
0.006031790779, 0.006467031777
0.006009409289, 0.006487680633
0.006004881348, 0.006939178626
0.005995364876, 0.006441094627
0.005951613227, 0.007162967262
0.005946940390, 0.005986401256
0.005935402261, 0.006346487217
0.005905192630, 0.005914702021
0.006907423543, 0.012380379639
0.006888432333, 0.016371423273
0.006857762026, 0.015062466597
0.006817404198, 0.011646780671
0.006775234313, 0.013897877536
0.006739740351, 0.012012447711
0.006569269366, 0.011257464190
0.006419797505, 0.010241191337
0.006371695222, 0.010779656766
0.006357106260, 0.009582212688
0.006316660510, 0.010666367704
0.006315211794, 0.007245522755
0.006312218311, 0.008057046605
0.005927402467, 0.007258443359
0.005914676661, 0.006706795062
0.005883408876, 0.006196208518
0.005879209130, 0.006604619595
0.005859394167, 0.006942780423
0.005852871090, 0.006696267617
0.005838167521, 0.006347330147
0.005819123645, 0.006214772723
0.005769046715, 0.005970678353
0.005766038501, 0.006378855697
0.005749417362, 0.006865020029
0.005740958108, 0.006652593479
0.005712652624, 0.006530344554
0.005693022045, 0.006238469364
0.005684135818, 0.006081003207
0.005680167251, 0.005728263262
0.005669215113, 0.006721852423
0.005668677094, 0.006081726728
0.005653724436, 0.005721136251
0.005637632482, 0.006515711780
0.005570278270, 0.006283589738
0.005543879508, 0.005657066378
0.005539142533, 0.006298896729
0.005490591954, 0.006714030086
0.005439889705, 0.005705558693
0.005439632341, 0.005868739217
0.005434050055, 0.006255629465
0.005433461144, 0.006335305833
0.005424914746, 0.005600803514
0.005409861366, 0.006375735252
0.005396072646, 0.005861220010
0.005388181511, 0.005797197599
0.005315580871, 0.005505951326
0.005304318995, 0.005522852524
0.005231300030, 0.005567638638
0.005195440309, 0.006134378534
0.005171856533, 0.005432283130
0.005140690615, 0.005641958880
0.005134169845, 0.006307566884
0.005113335506, 0.005241354787
0.005093142448, 0.005157867777
0.005089449872, 0.005744432087
0.005088113599, 0.006791803884
0.005027713198, 0.005771386315
0.005012414588, 0.005050594024
0.004983833866, 0.006668718018
0.004944350311, 0.004965974225
0.004912290708, 0.005197941900
0.004885672932, 0.005779705875
0.004864000411, 0.005066448460
0.004843696935, 0.005602187073
0.004833683895, 0.005193284125
0.004801812158, 0.006936245382
0.004796029608, 0.005131841775
0.004783837372, 0.005537445259
0.004695391357, 0.005228250185
0.006311853927, 0.011039864130
0.006256276848, 0.008344758834
0.006217949823, 0.007703025380
0.006214724451, 0.007355875203
0.006211610097, 0.009069233705
0.006137841640, 0.008442215349
0.006072874114, 0.007905833289
0.006046470045, 0.007812944387
0.006030870584, 0.007944331312
0.005963002599, 0.007324302015
0.005961593747, 0.008934679625
0.005918192292, 0.007534221924
0.005904921676, 0.008058846071
0.005881045825, 0.007969567115
0.005764815695, 0.007910613124
0.005760486091, 0.008134371518
0.005735459877, 0.008524112857
0.005656677470, 0.008799284062
0.005649504403, 0.008042972087
0.005174881641, 0.008131082339
0.005168113776, 0.007393037265
0.005053612569, 0.007795331936
0.005023236009, 0.007570528383
0.005003368865, 0.007420842270
0.004811704480, 0.007501179907
0.004691812017, 0.006551839436
0.004682456620, 0.006794652309
0.004678995619, 0.005083109285
0.004649913978, 0.004732293313
0.004646999032, 0.004834645799
0.004638156962, 0.005136360579
0.004636270053, 0.006093882178
0.004596063533, 0.004943723293
0.004588572763, 0.004977198007
0.004554031181, 0.005472960807
0.004553976285, 0.006360581734
0.004465254752, 0.005770727857
0.004460190579, 0.005266735232
0.004437792244, 0.004479307982
0.004423414970, 0.005115994527
0.004422329703, 0.004475220665
0.004398283756, 0.006171069599
0.004367676728, 0.004751526071
0.004360837076, 0.004496320718
0.004352401636, 0.004947170909
0.004316364211, 0.004854626659
0.004290034965, 0.004721503998
0.004284985414, 0.005346494178
0.004282826170, 0.004543753955
0.004265923112, 0.006661208599
0.004264188082, 0.004824727972
0.004245397508, 0.004661008475
0.004238513891, 0.004989839677
0.004227682580, 0.006859292966
0.004204628402, 0.004246068770
0.004173703391, 0.004341025225
0.004151879093, 0.005497490337
0.004089572105, 0.004487816841
0.003943361510, 0.004575816867
0.003938768843, 0.004124669684
0.003869444405, 0.004312934036
0.003774188655, 0.005619982206
0.003748879833, 0.003787690589
0.003730388720, 0.003869754514
0.003725063758, 0.003751706278
0.003685715670, 0.003950265814
0.003643363830, 0.003888624435
0.003606591188, 0.004275008772
0.003534770148, 0.004129515710
0.003515352045, 0.003572044233
0.003438924250, 0.004016478557
0.003071546842, 0.003165138228
0.002963427070, 0.003209563833
0.002751108867, 0.002812916636
0.002705586813, 0.003017482394
0.002290349318, 0.002530513782
0.002018241809, 0.002124994118
0.001353883304, 0.001571655178
0.005979715712, 0.010662912360
0.005966992542, 0.009861450198
0.005959236528, 0.011070727167
0.005694751970, 0.009175734303
0.005605006690, 0.010503266159
0.005192773825, 0.009918235730
