0.070170000000, 0.071030000000
0.067610000000, 0.071100000000
0.065770000000, 0.068760000000
0.065660000000, 0.072030000000
0.065080000000, 0.066930000000
0.064100000000, 0.064970000000
0.063910000000, 0.065770000000
0.063640000000, 0.065010000000
0.063580000000, 0.063720000000
0.063300000000, 0.063400000000
0.062990000000, 0.063690000000
0.062910000000, 0.065370000000
0.062880000000, 0.065190000000
0.062170000000, 0.066610000000
0.062140000000, 0.063130000000
0.061740000000, 0.065390000000
0.061650000000, 0.062030000000
0.061570000000, 0.061640000000
0.061350000000, 0.061790000000
0.060930000000, 0.062370000000
0.060730000000, 0.062870000000
0.060670000000, 0.066410000000
0.060270000000, 0.062960000000
0.060130000000, 0.060780000000
0.060120000000, 0.061760000000
0.060070000000, 0.061110000000
0.059920000000, 0.060260000000
0.059570000000, 0.062590000000
0.059260000000, 0.061790000000
0.059010000000, 0.062900000000
0.058950000000, 0.060320000000
0.058740000000, 0.061650000000
0.058640000000, 0.060060000000
0.058640000000, 0.060060000000
0.058630000000, 0.059220000000
0.058410000000, 0.066440000000
0.058100000000, 0.060690000000
0.057930000000, 0.060450000000
0.057740000000, 0.060000000000
0.057690000000, 0.062440000000
0.057480000000, 0.057750000000
0.057260000000, 0.061700000000
0.057220000000, 0.062130000000
0.057190000000, 0.060520000000
0.057130000000, 0.057930000000
0.056510000000, 0.057780000000
0.056490000000, 0.057740000000
0.056460000000, 0.059890000000
0.056450000000, 0.058050000000
0.056270000000, 0.056370000000
0.056210000000, 0.059450000000
0.056140000000, 0.060880000000
0.056060000000, 0.061760000000
0.055790000000, 0.056040000000
0.055650000000, 0.058260000000
0.055640000000, 0.056170000000
0.055340000000, 0.058630000000
0.055000000000, 0.056590000000
0.054840000000, 0.054870000000
0.054680000000, 0.061160000000
0.054510000000, 0.054850000000
0.054500000000, 0.055480000000
0.054480000000, 0.055750000000
0.054470000000, 0.055450000000
0.054390000000, 0.061000000000
0.054360000000, 0.058020000000
0.054350000000, 0.058050000000
0.054290000000, 0.054310000000
0.054250000000, 0.058990000000
0.054230000000, 0.056060000000
0.054210000000, 0.054220000000
0.054090000000, 0.060450000000
0.053770000000, 0.055720000000
0.053660000000, 0.053920000000
0.053550000000, 0.061020000000
0.053460000000, 0.054410000000
0.053320000000, 0.055610000000
0.053300000000, 0.053880000000
0.053130000000, 0.054110000000
0.052940000000, 0.053780000000
0.052880000000, 0.055410000000
0.052640000000, 0.057990000000
0.052610000000, 0.054610000000
0.052600000000, 0.053880000000
0.052590000000, 0.052880000000
0.052590000000, 0.052880000000
0.052520000000, 0.055400000000
0.052370000000, 0.053880000000
0.052370000000, 0.055720000000
0.052330000000, 0.052690000000
0.052300000000, 0.055180000000
0.052110000000, 0.055000000000
0.052060000000, 0.059980000000
0.051900000000, 0.053000000000
0.051880000000, 0.053570000000
0.051880000000, 0.052680000000
0.051870000000, 0.052810000000
0.051660000000, 0.052120000000
0.051580000000, 0.054030000000
0.051410000000, 0.051460000000
0.051390000000, 0.052100000000
0.051340000000, 0.051800000000
0.051150000000, 0.055290000000
0.051100000000, 0.052070000000
0.051070000000, 0.053700000000
0.050990000000, 0.052220000000
0.050960000000, 0.051740000000
0.050760000000, 0.051510000000
0.050750000000, 0.051120000000
0.050710000000, 0.050880000000
0.050670000000, 0.052290000000
0.050620000000, 0.050830000000
0.050610000000, 0.051750000000
0.050540000000, 0.054440000000
0.050250000000, 0.050670000000
0.050210000000, 0.051010000000
0.050130000000, 0.050550000000
0.050090000000, 0.054680000000
0.050050000000, 0.051940000000
0.050020000000, 0.050620000000
0.049970000000, 0.050890000000
0.049960000000, 0.050550000000
0.049770000000, 0.052120000000
0.049630000000, 0.051350000000
0.049630000000, 0.050130000000
0.049620000000, 0.050240000000
0.049620000000, 0.050840000000
0.049580000000, 0.049870000000
0.049570000000, 0.053340000000
0.049490000000, 0.050200000000
0.049480000000, 0.057310000000
0.049440000000, 0.049990000000
0.049440000000, 0.052460000000
0.049400000000, 0.051250000000
0.049320000000, 0.053480000000
0.049270000000, 0.051160000000
0.049270000000, 0.049560000000
0.049240000000, 0.054150000000
0.049220000000, 0.049370000000
0.049160000000, 0.050810000000
0.049140000000, 0.051020000000
0.049120000000, 0.049880000000
0.049030000000, 0.049290000000
0.049010000000, 0.051310000000
0.049000000000, 0.050180000000
0.048890000000, 0.050480000000
0.048850000000, 0.054600000000
0.048850000000, 0.052290000000
0.048790000000, 0.050250000000
0.048780000000, 0.051080000000
0.048780000000, 0.050810000000
0.048740000000, 0.051010000000
0.048730000000, 0.050080000000
0.048710000000, 0.048930000000
0.048700000000, 0.051930000000
0.048700000000, 0.050370000000
0.048680000000, 0.051120000000
0.048650000000, 0.053350000000
0.048650000000, 0.049520000000
0.048620000000, 0.051350000000
0.048560000000, 0.049610000000
0.048550000000, 0.049290000000
0.048490000000, 0.051810000000
0.048390000000, 0.050860000000
0.048380000000, 0.049720000000
0.048300000000, 0.049340000000
0.048240000000, 0.049010000000
0.048220000000, 0.049180000000
0.048180000000, 0.048260000000
0.048170000000, 0.049740000000
0.048090000000, 0.050840000000
0.048090000000, 0.049950000000
0.048080000000, 0.049340000000
0.048080000000, 0.048300000000
0.048080000000, 0.052260000000
0.048080000000, 0.050010000000
0.048080000000, 0.055710000000
0.048000000000, 0.049960000000
0.048000000000, 0.050130000000
0.047990000000, 0.050310000000
0.047980000000, 0.048190000000
0.047920000000, 0.048130000000
0.047880000000, 0.048270000000
0.047840000000, 0.051300000000
0.047810000000, 0.050940000000
0.047780000000, 0.048300000000
0.047710000000, 0.048820000000
0.047700000000, 0.050820000000
0.047700000000, 0.049340000000
0.047680000000, 0.049390000000
0.047670000000, 0.049520000000
0.047640000000, 0.050310000000
0.047640000000, 0.048970000000
0.047590000000, 0.049110000000
0.047460000000, 0.049250000000
0.047370000000, 0.052400000000
0.047370000000, 0.053670000000
0.047350000000, 0.048540000000
0.047340000000, 0.048580000000
0.047220000000, 0.049210000000
0.047220000000, 0.051230000000
0.047160000000, 0.048740000000
0.047080000000, 0.048890000000
0.047050000000, 0.049030000000
0.046930000000, 0.050050000000
0.046910000000, 0.050740000000
0.046880000000, 0.047800000000
0.046870000000, 0.048680000000
0.046870000000, 0.048540000000
0.046750000000, 0.047290000000
0.046690000000, 0.048100000000
0.046680000000, 0.051590000000
0.046640000000, 0.047430000000
0.046630000000, 0.048140000000
0.046630000000, 0.049480000000
0.046550000000, 0.047450000000
0.046490000000, 0.048330000000
0.046480000000, 0.051270000000
0.046400000000, 0.050480000000
0.046350000000, 0.046590000000
0.046260000000, 0.051000000000
0.046240000000, 0.049680000000
0.046180000000, 0.047000000000
0.046180000000, 0.048180000000
0.046150000000, 0.051090000000
0.046140000000, 0.050760000000
0.046100000000, 0.053760000000
0.046050000000, 0.047270000000
0.046040000000, 0.047190000000
0.046040000000, 0.048970000000
0.046030000000, 0.050120000000
0.046020000000, 0.048340000000
0.046000000000, 0.046370000000
0.045980000000, 0.047860000000
0.045960000000, 0.048800000000
0.045940000000, 0.046250000000
0.045940000000, 0.046180000000
0.045890000000, 0.048230000000
0.045870000000, 0.047230000000
0.045830000000, 0.049050000000
0.045780000000, 0.046460000000
0.045720000000, 0.047270000000
0.045680000000, 0.046260000000
0.045650000000, 0.049190000000
0.045590000000, 0.046590000000
0.045590000000, 0.050110000000
0.045550000000, 0.051300000000
0.045520000000, 0.048400000000
0.045500000000, 0.049040000000
0.045460000000, 0.047840000000
0.045460000000, 0.047970000000
0.045430000000, 0.046130000000
0.045390000000, 0.049810000000
0.045370000000, 0.045910000000
0.045310000000, 0.046140000000
0.045220000000, 0.045460000000
0.045210000000, 0.048930000000
0.045190000000, 0.048850000000
0.045190000000, 0.045640000000
0.045180000000, 0.047590000000
0.045170000000, 0.049250000000
0.045140000000, 0.045750000000
0.045110000000, 0.045310000000
0.045080000000, 0.052070000000
0.045080000000, 0.052770000000
0.045010000000, 0.046160000000
0.045000000000, 0.046510000000
0.044950000000, 0.045420000000
0.044920000000, 0.045170000000
0.044910000000, 0.057060000000
0.044910000000, 0.047350000000
0.044810000000, 0.044980000000
0.044810000000, 0.045190000000
0.044790000000, 0.049830000000
0.044740000000, 0.046250000000
0.044730000000, 0.048340000000
0.044710000000, 0.047950000000
0.044710000000, 0.049610000000
0.044700000000, 0.045090000000
0.044660000000, 0.046540000000
0.044600000000, 0.046960000000
0.044600000000, 0.045320000000
0.044590000000, 0.046100000000
0.044590000000, 0.047050000000
0.044580000000, 0.045120000000
0.044570000000, 0.045030000000
0.044440000000, 0.047890000000
0.044420000000, 0.046960000000
0.044370000000, 0.049790000000
0.044340000000, 0.044790000000
0.044290000000, 0.047120000000
0.044260000000, 0.051400000000
0.044230000000, 0.046400000000
0.044230000000, 0.046400000000
0.044210000000, 0.047440000000
0.044210000000, 0.045170000000
0.044200000000, 0.045820000000
0.044190000000, 0.047860000000
0.044180000000, 0.047230000000
0.044180000000, 0.047720000000
0.044150000000, 0.044790000000
0.044080000000, 0.045580000000
0.044060000000, 0.044810000000
0.044030000000, 0.052170000000
0.044010000000, 0.044040000000
0.043990000000, 0.044660000000
0.043990000000, 0.048000000000
0.043940000000, 0.044790000000
0.043890000000, 0.045010000000
0.043880000000, 0.048890000000
0.043870000000, 0.045480000000
0.043840000000, 0.046050000000
0.043810000000, 0.044040000000
0.043810000000, 0.045630000000
0.043810000000, 0.046080000000
0.043780000000, 0.044170000000
0.043740000000, 0.044200000000
0.043730000000, 0.044040000000
0.043720000000, 0.046040000000
0.043720000000, 0.044530000000
0.043690000000, 0.044510000000
0.043680000000, 0.047390000000
0.043650000000, 0.045640000000
0.043620000000, 0.044110000000
0.043610000000, 0.043700000000
0.043580000000, 0.044560000000
0.043540000000, 0.047420000000
0.043520000000, 0.043820000000
0.043480000000, 0.046740000000
0.043460000000, 0.044720000000
0.043420000000, 0.049850000000
0.043410000000, 0.043740000000
0.043390000000, 0.044740000000
0.043330000000, 0.044610000000
0.043330000000, 0.046040000000
0.043310000000, 0.046360000000
0.043300000000, 0.046480000000
0.043280000000, 0.047270000000
0.043270000000, 0.045030000000
0.043270000000, 0.044720000000
0.043240000000, 0.046320000000
0.043180000000, 0.045650000000
0.043150000000, 0.044210000000
0.043080000000, 0.046050000000
0.043070000000, 0.044040000000
0.043070000000, 0.044950000000
0.043060000000, 0.043440000000
0.043060000000, 0.047540000000
0.043060000000, 0.045290000000
0.043040000000, 0.046040000000
0.043040000000, 0.045250000000
0.043020000000, 0.043080000000
0.043020000000, 0.044170000000
0.043010000000, 0.045630000000
0.042930000000, 0.045010000000
0.042910000000, 0.048920000000
0.042890000000, 0.043370000000
0.042850000000, 0.047610000000
0.042820000000, 0.043320000000
0.042810000000, 0.043170000000
0.042780000000, 0.043230000000
0.042780000000, 0.042970000000
0.042740000000, 0.044670000000
0.042730000000, 0.045750000000
0.042680000000, 0.050880000000
0.042670000000, 0.044570000000
0.042660000000, 0.048130000000
0.042640000000, 0.050780000000
0.042640000000, 0.044210000000
0.042580000000, 0.044170000000
0.042540000000, 0.046980000000
0.042530000000, 0.042980000000
0.042510000000, 0.043220000000
0.042510000000, 0.044580000000
0.042500000000, 0.043160000000
0.042500000000, 0.043310000000
0.042470000000, 0.043600000000
0.042440000000, 0.042520000000
0.042440000000, 0.044230000000
0.042430000000, 0.050330000000
0.042400000000, 0.043820000000
0.042350000000, 0.042630000000
0.042310000000, 0.044980000000
0.042310000000, 0.044440000000
0.042300000000, 0.048820000000
0.042290000000, 0.042700000000
0.042230000000, 0.046820000000
0.042200000000, 0.042350000000
0.042180000000, 0.042390000000
0.042080000000, 0.048330000000
0.042030000000, 0.042730000000
0.042010000000, 0.046960000000
0.042010000000, 0.044950000000
0.041970000000, 0.046450000000
0.041860000000, 0.044610000000
0.041860000000, 0.045250000000
0.041790000000, 0.045950000000
0.041790000000, 0.043160000000
0.041760000000, 0.044850000000
0.041740000000, 0.042940000000
0.041740000000, 0.042940000000
0.041740000000, 0.042590000000
0.041730000000, 0.042830000000
0.041700000000, 0.045320000000
0.041690000000, 0.045580000000
0.041690000000, 0.045250000000
0.041600000000, 0.043630000000
0.041550000000, 0.041720000000
0.041520000000, 0.045140000000
0.041520000000, 0.041710000000
0.041500000000, 0.045760000000
0.041500000000, 0.045120000000
0.041490000000, 0.043360000000
0.041430000000, 0.044290000000
0.041420000000, 0.050940000000
0.041350000000, 0.041940000000
0.041330000000, 0.042520000000
0.041310000000, 0.044290000000
0.041210000000, 0.041690000000
0.041210000000, 0.042140000000
0.041210000000, 0.041750000000
0.041180000000, 0.042040000000
0.041160000000, 0.047470000000
0.041150000000, 0.042590000000
0.041130000000, 0.045270000000
0.041130000000, 0.043530000000
0.041040000000, 0.042670000000
0.041040000000, 0.044900000000
0.041020000000, 0.041970000000
0.041000000000, 0.043130000000
0.040980000000, 0.046180000000
0.040950000000, 0.041590000000
0.040950000000, 0.042480000000
0.040910000000, 0.041700000000
0.040850000000, 0.042970000000
0.040770000000, 0.045430000000
0.040750000000, 0.041890000000
0.040690000000, 0.042290000000
0.040690000000, 0.042540000000
0.040640000000, 0.047540000000
0.040600000000, 0.045270000000
0.040560000000, 0.041690000000
0.040560000000, 0.043600000000
0.040540000000, 0.040740000000
0.040540000000, 0.040690000000
0.040520000000, 0.040930000000
0.040480000000, 0.043470000000
0.040480000000, 0.042940000000
0.040350000000, 0.042880000000
0.040340000000, 0.044270000000
0.040290000000, 0.044480000000
0.040290000000, 0.043220000000
0.040270000000, 0.041700000000
0.040240000000, 0.041540000000
0.040190000000, 0.040330000000
0.040160000000, 0.042730000000
0.040140000000, 0.044200000000
0.040130000000, 0.041210000000
0.040120000000, 0.044210000000
0.040020000000, 0.040410000000
0.039990000000, 0.040010000000
0.039980000000, 0.046620000000
0.039980000000, 0.042080000000
0.039920000000, 0.044550000000
0.039860000000, 0.042810000000
0.039850000000, 0.041650000000
0.039840000000, 0.044070000000
0.039840000000, 0.041400000000
0.039750000000, 0.043090000000
0.039690000000, 0.040400000000
0.039680000000, 0.040570000000
0.039640000000, 0.042450000000
0.039630000000, 0.043030000000
0.039600000000, 0.041060000000
0.039590000000, 0.041880000000
0.039550000000, 0.042390000000
0.039500000000, 0.040010000000
0.039470000000, 0.044210000000
0.039460000000, 0.041650000000
0.039460000000, 0.042460000000
0.039460000000, 0.039650000000
0.039380000000, 0.040990000000
0.039340000000, 0.040810000000
0.039340000000, 0.039680000000
0.039300000000, 0.040900000000
0.039270000000, 0.043230000000
0.039260000000, 0.041910000000
0.039260000000, 0.039320000000
0.039250000000, 0.041870000000
0.039230000000, 0.039640000000
0.039180000000, 0.042540000000
0.039100000000, 0.041630000000
0.039100000000, 0.039180000000
0.039060000000, 0.044610000000
0.039060000000, 0.040850000000
0.039050000000, 0.039340000000
0.039040000000, 0.041060000000
0.039020000000, 0.041580000000
0.039010000000, 0.043220000000
0.038970000000, 0.040300000000
0.038960000000, 0.045910000000
0.038880000000, 0.044590000000
0.038640000000, 0.039090000000
0.038620000000, 0.041990000000
0.038590000000, 0.042200000000
0.038590000000, 0.039940000000
0.038550000000, 0.039410000000
0.038520000000, 0.042600000000
0.038450000000, 0.038840000000
0.038400000000, 0.040070000000
0.038400000000, 0.041560000000
0.038340000000, 0.044580000000
0.038230000000, 0.042970000000
0.038180000000, 0.041210000000
0.038150000000, 0.041190000000
0.038120000000, 0.043860000000
0.038120000000, 0.043470000000
0.038100000000, 0.039170000000
0.038100000000, 0.039230000000
0.038050000000, 0.038920000000
0.038030000000, 0.044380000000
0.038030000000, 0.040560000000
0.038030000000, 0.038860000000
0.038030000000, 0.039090000000
0.038030000000, 0.038680000000
0.037970000000, 0.038930000000
0.037930000000, 0.039650000000
0.037930000000, 0.043430000000
0.037920000000, 0.039170000000
0.037890000000, 0.038760000000
0.037870000000, 0.039090000000
0.037850000000, 0.038760000000
0.037830000000, 0.043080000000
0.037810000000, 0.043000000000
0.037810000000, 0.039940000000
0.037780000000, 0.039940000000
0.037770000000, 0.039630000000
0.037730000000, 0.038930000000
0.037720000000, 0.040180000000
0.037690000000, 0.041960000000
0.037690000000, 0.039290000000
0.037690000000, 0.042200000000
0.037670000000, 0.041400000000
0.037630000000, 0.038840000000
0.037630000000, 0.040350000000
0.037620000000, 0.038660000000
0.037610000000, 0.045420000000
0.037580000000, 0.039260000000
0.037540000000, 0.040480000000
0.037520000000, 0.039260000000
0.037520000000, 0.041170000000
0.037360000000, 0.044930000000
0.037360000000, 0.037850000000
0.037340000000, 0.037420000000
0.037290000000, 0.040950000000
0.037270000000, 0.041190000000
0.037250000000, 0.038300000000
0.037210000000, 0.038300000000
0.037160000000, 0.039230000000
0.036900000000, 0.041330000000
0.036880000000, 0.037850000000
0.036850000000, 0.037160000000
0.036840000000, 0.039030000000
0.036820000000, 0.037890000000
0.036760000000, 0.041090000000
0.036700000000, 0.039220000000
0.036690000000, 0.039130000000
0.036670000000, 0.037660000000
0.036520000000, 0.038960000000
0.036520000000, 0.036980000000
0.036250000000, 0.037710000000
0.036190000000, 0.039470000000
0.036170000000, 0.039470000000
0.036110000000, 0.037940000000
0.036080000000, 0.044880000000
0.036080000000, 0.037580000000
0.036070000000, 0.039260000000
0.035980000000, 0.040610000000
0.035970000000, 0.036120000000
0.035940000000, 0.042090000000
0.035780000000, 0.037300000000
0.035350000000, 0.035490000000
0.035320000000, 0.035370000000
0.035280000000, 0.039720000000
0.035230000000, 0.037920000000
0.035200000000, 0.036380000000
0.035170000000, 0.037730000000
0.035150000000, 0.038770000000
0.035080000000, 0.041690000000
0.035070000000, 0.037930000000
0.035070000000, 0.036720000000
0.035060000000, 0.037250000000
0.035050000000, 0.038510000000
0.035030000000, 0.037500000000
0.035030000000, 0.036730000000
0.034970000000, 0.040490000000
0.034910000000, 0.037560000000
0.034900000000, 0.039180000000
0.034870000000, 0.039020000000
0.034790000000, 0.036850000000
0.034790000000, 0.037970000000
0.034780000000, 0.036720000000
0.034680000000, 0.037840000000
0.034560000000, 0.034600000000
0.034550000000, 0.035090000000
0.034540000000, 0.035200000000
0.034420000000, 0.039090000000
0.034400000000, 0.035370000000
0.034300000000, 0.038430000000
0.034240000000, 0.039510000000
0.034210000000, 0.037850000000
0.034180000000, 0.036580000000
0.034030000000, 0.040950000000
0.033990000000, 0.036720000000
0.033960000000, 0.040470000000
0.033900000000, 0.037930000000
0.033810000000, 0.040230000000
0.033740000000, 0.036560000000
0.033740000000, 0.036610000000
0.033730000000, 0.034380000000
0.033670000000, 0.036240000000
0.033660000000, 0.033800000000
0.033660000000, 0.038540000000
0.033610000000, 0.037300000000
0.033610000000, 0.037250000000
0.033470000000, 0.039520000000
0.033460000000, 0.034140000000
0.033230000000, 0.035200000000
0.033230000000, 0.036070000000
0.033190000000, 0.034600000000
0.033130000000, 0.033400000000
0.033060000000, 0.035000000000
0.033060000000, 0.036050000000
0.032940000000, 0.034630000000
0.032850000000, 0.035770000000
0.032700000000, 0.032770000000
0.032690000000, 0.039060000000
0.032680000000, 0.033260000000
0.032640000000, 0.036670000000
0.032140000000, 0.034400000000
0.032040000000, 0.038940000000
0.031790000000, 0.035980000000
0.031040000000, 0.033670000000
0.030680000000, 0.031410000000
0.030670000000, 0.034950000000
0.030420000000, 0.033260000000
0.030320000000, 0.032640000000
0.029950000000, 0.033310000000
0.029940000000, 0.031970000000
0.029920000000, 0.032700000000
0.029590000000, 0.032840000000
0.029520000000, 0.034140000000
0.028900000000, 0.030630000000
0.028570000000, 0.031160000000
0.027510000000, 0.027660000000
0.026750000000, 0.033530000000
0.026360000000, 0.031390000000
0.026200000000, 0.026400000000
